1 2 0 0 0.0000 0.0000
2 2 0 0 0.5000 0.0000
3 2 0 0 1.0000 0.0000
4 2 0 0 1.0000 0.2500
5 2 0 0 1.0000 0.5000
6 2 0 0 1.0000 1.0000
7 2 0 0 0.5000 1.0000
8 2 0 0 0.0000 1.0000
9 2 0 0 0.0000 0.5000
10 2 0 0 0.0000 0.2500
11 2 0 0 0.5000 0.2500
12 2 0 0 0.5000 0.5000
13 2 0 0 0.0833 0.0000
14 2 0 0 0.1667 0.0000
15 2 0 0 0.2500 0.0000
16 2 0 0 0.3333 0.0000
17 2 0 0 0.4167 0.0000
18 2 0 0 0.0417 0.0000
19 2 0 0 0.1250 0.0000
20 2 0 0 0.2083 0.0000
21 2 0 0 0.2917 0.0000
22 2 0 0 0.3750 0.0000
23 2 0 0 0.4583 0.0000
24 2 0 0 0.5833 0.0000
25 2 0 0 0.6667 0.0000
26 2 0 0 0.7500 0.0000
27 2 0 0 0.8333 0.0000
28 2 0 0 0.9167 0.0000
29 2 0 0 0.5417 0.0000
30 2 0 0 0.6250 0.0000
31 2 0 0 0.7083 0.0000
32 2 0 0 0.7917 0.0000
33 2 0 0 0.8750 0.0000
34 2 0 0 0.9583 0.0000
35 2 0 0 1.0000 0.0625
36 2 0 0 1.0000 0.1250
37 2 0 0 1.0000 0.1875
38 2 0 0 1.0000 0.0312
39 2 0 0 1.0000 0.0937
40 2 0 0 1.0000 0.1562
41 2 0 0 1.0000 0.2187
42 2 0 0 1.0000 0.3125
43 2 0 0 1.0000 0.3750
44 2 0 0 1.0000 0.4375
45 2 0 0 1.0000 0.2813
46 2 0 0 1.0000 0.3438
47 2 0 0 1.0000 0.4063
48 2 0 0 1.0000 0.4687
49 2 0 0 1.0000 0.5833
50 2 0 0 1.0000 0.6667
51 2 0 0 1.0000 0.7500
52 2 0 0 1.0000 0.8333
53 2 0 0 1.0000 0.9167
54 2 0 0 1.0000 0.5417
55 2 0 0 1.0000 0.6250
56 2 0 0 1.0000 0.7083
57 2 0 0 1.0000 0.7917
58 2 0 0 1.0000 0.8750
59 2 0 0 1.0000 0.9583
60 2 0 0 0.9167 1.0000
61 2 0 0 0.8333 1.0000
62 2 0 0 0.7500 1.0000
63 2 0 0 0.6667 1.0000
64 2 0 0 0.5833 1.0000
65 2 0 0 0.9583 1.0000
66 2 0 0 0.8750 1.0000
67 2 0 0 0.7917 1.0000
68 2 0 0 0.7083 1.0000
69 2 0 0 0.6250 1.0000
70 2 0 0 0.5417 1.0000
71 2 0 0 0.4167 1.0000
72 2 0 0 0.3333 1.0000
73 2 0 0 0.2500 1.0000
74 2 0 0 0.1667 1.0000
75 2 0 0 0.0833 1.0000
76 2 0 0 0.4583 1.0000
77 2 0 0 0.3750 1.0000
78 2 0 0 0.2917 1.0000
79 2 0 0 0.2083 1.0000
80 2 0 0 0.1250 1.0000
81 2 0 0 0.0417 1.0000
82 2 0 0 0.0000 0.9167
83 2 0 0 0.0000 0.8333
84 2 0 0 0.0000 0.7500
85 2 0 0 0.0000 0.6667
86 2 0 0 0.0000 0.5833
87 2 0 0 0.0000 0.9583
88 2 0 0 0.0000 0.8750
89 2 0 0 0.0000 0.7917
90 2 0 0 0.0000 0.7083
91 2 0 0 0.0000 0.6250
92 2 0 0 0.0000 0.5417
93 2 0 0 0.0000 0.4375
94 2 0 0 0.0000 0.3750
95 2 0 0 0.0000 0.3125
96 2 0 0 0.0000 0.4687
97 2 0 0 0.0000 0.4062
98 2 0 0 0.0000 0.3437
99 2 0 0 0.0000 0.2813
100 2 0 0 0.0000 0.1875
101 2 0 0 0.0000 0.1250
102 2 0 0 0.0000 0.0625
103 2 0 0 0.0000 0.2188
104 2 0 0 0.0000 0.1563
105 2 0 0 0.0000 0.0938
106 2 0 0 0.0000 0.0313
107 2 0 0 0.9167 0.2500
108 2 0 0 0.8333 0.2500
109 2 0 0 0.7500 0.2500
110 2 0 0 0.6667 0.2500
111 2 0 0 0.5833 0.2500
112 2 0 0 0.9583 0.2500
113 2 0 0 0.8750 0.2500
114 2 0 0 0.7917 0.2500
115 2 0 0 0.7083 0.2500
116 2 0 0 0.6250 0.2500
117 2 0 0 0.5417 0.2500
118 2 0 0 0.5000 0.1875
119 2 0 0 0.5000 0.1250
120 2 0 0 0.5000 0.0625
121 2 0 0 0.5000 0.2188
122 2 0 0 0.5000 0.1563
123 2 0 0 0.5000 0.0938
124 2 0 0 0.5000 0.0313
125 2 0 0 0.4167 0.2500
126 2 0 0 0.3333 0.2500
127 2 0 0 0.2500 0.2500
128 2 0 0 0.1667 0.2500
129 2 0 0 0.0833 0.2500
130 2 0 0 0.4583 0.2500
131 2 0 0 0.3750 0.2500
132 2 0 0 0.2917 0.2500
133 2 0 0 0.2083 0.2500
134 2 0 0 0.1250 0.2500
135 2 0 0 0.0417 0.2500
136 2 0 0 0.9167 0.5000
137 2 0 0 0.8333 0.5000
138 2 0 0 0.7500 0.5000
139 2 0 0 0.6667 0.5000
140 2 0 0 0.5833 0.5000
141 2 0 0 0.9583 0.5000
142 2 0 0 0.8750 0.5000
143 2 0 0 0.7917 0.5000
144 2 0 0 0.7083 0.5000
145 2 0 0 0.6250 0.5000
146 2 0 0 0.5417 0.5000
147 2 0 0 0.5000 0.4375
148 2 0 0 0.5000 0.3750
149 2 0 0 0.5000 0.3125
150 2 0 0 0.5000 0.4687
151 2 0 0 0.5000 0.4062
152 2 0 0 0.5000 0.3437
153 2 0 0 0.5000 0.2813
154 2 0 0 0.4167 0.5000
155 2 0 0 0.3333 0.5000
156 2 0 0 0.2500 0.5000
157 2 0 0 0.1667 0.5000
158 2 0 0 0.0833 0.5000
159 2 0 0 0.4583 0.5000
160 2 0 0 0.3750 0.5000
161 2 0 0 0.2917 0.5000
162 2 0 0 0.2083 0.5000
163 2 0 0 0.1250 0.5000
164 2 0 0 0.0417 0.5000
165 2 0 0 0.5000 0.5833
166 2 0 0 0.5000 0.6667
167 2 0 0 0.5000 0.7500
168 2 0 0 0.5000 0.8333
169 2 0 0 0.5000 0.9167
170 2 0 0 0.5000 0.5417
171 2 0 0 0.5000 0.6250
172 2 0 0 0.5000 0.7083
173 2 0 0 0.5000 0.7917
174 2 0 0 0.5000 0.8750
175 2 0 0 0.5000 0.9583
176 2 0 0 0.0833 0.0625
177 2 0 0 0.0833 0.1250
178 2 0 0 0.0833 0.1875
179 2 0 0 0.1667 0.0625
180 2 0 0 0.1667 0.1250
181 2 0 0 0.1667 0.1875
182 2 0 0 0.2500 0.0625
183 2 0 0 0.2500 0.1250
184 2 0 0 0.2500 0.1875
185 2 0 0 0.3333 0.0625
186 2 0 0 0.3333 0.1250
187 2 0 0 0.3333 0.1875
188 2 0 0 0.4167 0.0625
189 2 0 0 0.4167 0.1250
190 2 0 0 0.4167 0.1875
191 2 0 0 0.0833 0.0313
192 2 0 0 0.0417 0.0625
193 2 0 0 0.0417 0.0313
194 2 0 0 0.0833 0.0938
195 2 0 0 0.0417 0.1250
196 2 0 0 0.0417 0.0938
197 2 0 0 0.0833 0.1563
198 2 0 0 0.0417 0.1875
199 2 0 0 0.0417 0.1563
200 2 0 0 0.0833 0.2188
201 2 0 0 0.0417 0.2188
202 2 0 0 0.1667 0.0313
203 2 0 0 0.1250 0.0625
204 2 0 0 0.1250 0.0313
205 2 0 0 0.1667 0.0938
206 2 0 0 0.1250 0.1250
207 2 0 0 0.1250 0.0938
208 2 0 0 0.1667 0.1563
209 2 0 0 0.1250 0.1875
210 2 0 0 0.1250 0.1563
211 2 0 0 0.1667 0.2188
212 2 0 0 0.1250 0.2188
213 2 0 0 0.2500 0.0313
214 2 0 0 0.2083 0.0625
215 2 0 0 0.2083 0.0313
216 2 0 0 0.2500 0.0938
217 2 0 0 0.2083 0.1250
218 2 0 0 0.2083 0.0938
219 2 0 0 0.2500 0.1563
220 2 0 0 0.2083 0.1875
221 2 0 0 0.2083 0.1563
222 2 0 0 0.2500 0.2188
223 2 0 0 0.2083 0.2188
224 2 0 0 0.3333 0.0313
225 2 0 0 0.2917 0.0625
226 2 0 0 0.2917 0.0313
227 2 0 0 0.3333 0.0938
228 2 0 0 0.2917 0.1250
229 2 0 0 0.2917 0.0938
230 2 0 0 0.3333 0.1563
231 2 0 0 0.2917 0.1875
232 2 0 0 0.2917 0.1563
233 2 0 0 0.3333 0.2188
234 2 0 0 0.2917 0.2188
235 2 0 0 0.4167 0.0313
236 2 0 0 0.3750 0.0625
237 2 0 0 0.3750 0.0313
238 2 0 0 0.4167 0.0938
239 2 0 0 0.3750 0.1250
240 2 0 0 0.3750 0.0938
241 2 0 0 0.4167 0.1563
242 2 0 0 0.3750 0.1875
243 2 0 0 0.3750 0.1563
244 2 0 0 0.4167 0.2188
245 2 0 0 0.3750 0.2188
246 2 0 0 0.4583 0.0625
247 2 0 0 0.4583 0.0313
248 2 0 0 0.4583 0.1250
249 2 0 0 0.4583 0.0938
250 2 0 0 0.4583 0.1875
251 2 0 0 0.4583 0.1563
252 2 0 0 0.4583 0.2188
253 2 0 0 0.5833 0.0625
254 2 0 0 0.5833 0.1250
255 2 0 0 0.5833 0.1875
256 2 0 0 0.6667 0.0625
257 2 0 0 0.6667 0.1250
258 2 0 0 0.6667 0.1875
259 2 0 0 0.7500 0.0625
260 2 0 0 0.7500 0.1250
261 2 0 0 0.7500 0.1875
262 2 0 0 0.8333 0.0625
263 2 0 0 0.8333 0.1250
264 2 0 0 0.8333 0.1875
265 2 0 0 0.9167 0.0625
266 2 0 0 0.9167 0.1250
267 2 0 0 0.9167 0.1875
268 2 0 0 0.5833 0.0313
269 2 0 0 0.5417 0.0625
270 2 0 0 0.5417 0.0313
271 2 0 0 0.5833 0.0938
272 2 0 0 0.5417 0.1250
273 2 0 0 0.5417 0.0938
274 2 0 0 0.5833 0.1563
275 2 0 0 0.5417 0.1875
276 2 0 0 0.5417 0.1563
277 2 0 0 0.5833 0.2188
278 2 0 0 0.5417 0.2188
279 2 0 0 0.6667 0.0313
280 2 0 0 0.6250 0.0625
281 2 0 0 0.6250 0.0313
282 2 0 0 0.6667 0.0938
283 2 0 0 0.6250 0.1250
284 2 0 0 0.6250 0.0938
285 2 0 0 0.6667 0.1563
286 2 0 0 0.6250 0.1875
287 2 0 0 0.6250 0.1563
288 2 0 0 0.6667 0.2188
289 2 0 0 0.6250 0.2188
290 2 0 0 0.7500 0.0313
291 2 0 0 0.7083 0.0625
292 2 0 0 0.7083 0.0313
293 2 0 0 0.7500 0.0938
294 2 0 0 0.7083 0.1250
295 2 0 0 0.7083 0.0938
296 2 0 0 0.7500 0.1563
297 2 0 0 0.7083 0.1875
298 2 0 0 0.7083 0.1563
299 2 0 0 0.7500 0.2187
300 2 0 0 0.7083 0.2187
301 2 0 0 0.8333 0.0312
302 2 0 0 0.7917 0.0625
303 2 0 0 0.7917 0.0313
304 2 0 0 0.8333 0.0937
305 2 0 0 0.7917 0.1250
306 2 0 0 0.7917 0.0938
307 2 0 0 0.8333 0.1562
308 2 0 0 0.7917 0.1875
309 2 0 0 0.7917 0.1562
310 2 0 0 0.8333 0.2187
311 2 0 0 0.7917 0.2187
312 2 0 0 0.9167 0.0312
313 2 0 0 0.8750 0.0625
314 2 0 0 0.8750 0.0312
315 2 0 0 0.9167 0.0937
316 2 0 0 0.8750 0.1250
317 2 0 0 0.8750 0.0937
318 2 0 0 0.9167 0.1562
319 2 0 0 0.8750 0.1875
320 2 0 0 0.8750 0.1562
321 2 0 0 0.9167 0.2187
322 2 0 0 0.8750 0.2187
323 2 0 0 0.9583 0.0625
324 2 0 0 0.9583 0.0312
325 2 0 0 0.9583 0.1250
326 2 0 0 0.9583 0.0937
327 2 0 0 0.9583 0.1875
328 2 0 0 0.9583 0.1562
329 2 0 0 0.9583 0.2187
330 2 0 0 0.9167 0.3125
331 2 0 0 0.9167 0.3750
332 2 0 0 0.9167 0.4375
333 2 0 0 0.8333 0.3125
334 2 0 0 0.8333 0.3750
335 2 0 0 0.8333 0.4375
336 2 0 0 0.7500 0.3125
337 2 0 0 0.7500 0.3750
338 2 0 0 0.7500 0.4375
339 2 0 0 0.6667 0.3125
340 2 0 0 0.6667 0.3750
341 2 0 0 0.6667 0.4375
342 2 0 0 0.5833 0.3125
343 2 0 0 0.5833 0.3750
344 2 0 0 0.5833 0.4375
345 2 0 0 0.9583 0.3125
346 2 0 0 0.9167 0.2812
347 2 0 0 0.9583 0.2813
348 2 0 0 0.9583 0.3750
349 2 0 0 0.9167 0.3437
350 2 0 0 0.9583 0.3438
351 2 0 0 0.9583 0.4375
352 2 0 0 0.9167 0.4062
353 2 0 0 0.9583 0.4063
354 2 0 0 0.9167 0.4688
355 2 0 0 0.9583 0.4687
356 2 0 0 0.8750 0.3125
357 2 0 0 0.8333 0.2812
358 2 0 0 0.8750 0.2812
359 2 0 0 0.8750 0.3750
360 2 0 0 0.8333 0.3437
361 2 0 0 0.8750 0.3437
362 2 0 0 0.8750 0.4375
363 2 0 0 0.8333 0.4062
364 2 0 0 0.8750 0.4062
365 2 0 0 0.8333 0.4688
366 2 0 0 0.8750 0.4688
367 2 0 0 0.7917 0.3125
368 2 0 0 0.7500 0.2812
369 2 0 0 0.7917 0.2812
370 2 0 0 0.7917 0.3750
371 2 0 0 0.7500 0.3438
372 2 0 0 0.7917 0.3437
373 2 0 0 0.7917 0.4375
374 2 0 0 0.7500 0.4062
375 2 0 0 0.7917 0.4062
376 2 0 0 0.7500 0.4688
377 2 0 0 0.7917 0.4688
378 2 0 0 0.7083 0.3125
379 2 0 0 0.6667 0.2812
380 2 0 0 0.7083 0.2812
381 2 0 0 0.7083 0.3750
382 2 0 0 0.6667 0.3438
383 2 0 0 0.7083 0.3438
384 2 0 0 0.7083 0.4375
385 2 0 0 0.6667 0.4062
386 2 0 0 0.7083 0.4062
387 2 0 0 0.6667 0.4688
388 2 0 0 0.7083 0.4688
389 2 0 0 0.6250 0.3125
390 2 0 0 0.5833 0.2812
391 2 0 0 0.6250 0.2812
392 2 0 0 0.6250 0.3750
393 2 0 0 0.5833 0.3438
394 2 0 0 0.6250 0.3438
395 2 0 0 0.6250 0.4375
396 2 0 0 0.5833 0.4062
397 2 0 0 0.6250 0.4062
398 2 0 0 0.5833 0.4688
399 2 0 0 0.6250 0.4688
400 2 0 0 0.5417 0.3125
401 2 0 0 0.5417 0.2813
402 2 0 0 0.5417 0.3750
403 2 0 0 0.5417 0.3437
404 2 0 0 0.5417 0.4375
405 2 0 0 0.5417 0.4062
406 2 0 0 0.5417 0.4687
407 2 0 0 0.9167 0.5833
408 2 0 0 0.8333 0.5833
409 2 0 0 0.7500 0.5833
410 2 0 0 0.6667 0.5833
411 2 0 0 0.5833 0.5833
412 2 0 0 0.9167 0.6667
413 2 0 0 0.8333 0.6667
414 2 0 0 0.7500 0.6667
415 2 0 0 0.6667 0.6667
416 2 0 0 0.5833 0.6667
417 2 0 0 0.9167 0.7500
418 2 0 0 0.8333 0.7500
419 2 0 0 0.7500 0.7500
420 2 0 0 0.6667 0.7500
421 2 0 0 0.5833 0.7500
422 2 0 0 0.9167 0.8333
423 2 0 0 0.8333 0.8333
424 2 0 0 0.7500 0.8333
425 2 0 0 0.6667 0.8333
426 2 0 0 0.5833 0.8333
427 2 0 0 0.9167 0.9167
428 2 0 0 0.8333 0.9167
429 2 0 0 0.7500 0.9167
430 2 0 0 0.6667 0.9167
431 2 0 0 0.5833 0.9167
432 2 0 0 0.9583 0.5833
433 2 0 0 0.9167 0.5417
434 2 0 0 0.9583 0.5417
435 2 0 0 0.8750 0.5833
436 2 0 0 0.8333 0.5417
437 2 0 0 0.8750 0.5417
438 2 0 0 0.7917 0.5833
439 2 0 0 0.7500 0.5417
440 2 0 0 0.7917 0.5417
441 2 0 0 0.7083 0.5833
442 2 0 0 0.6667 0.5417
443 2 0 0 0.7083 0.5417
444 2 0 0 0.6250 0.5833
445 2 0 0 0.5833 0.5417
446 2 0 0 0.6250 0.5417
447 2 0 0 0.5417 0.5833
448 2 0 0 0.5417 0.5417
449 2 0 0 0.9583 0.6667
450 2 0 0 0.9167 0.6250
451 2 0 0 0.9583 0.6250
452 2 0 0 0.8750 0.6667
453 2 0 0 0.8333 0.6250
454 2 0 0 0.8750 0.6250
455 2 0 0 0.7917 0.6667
456 2 0 0 0.7500 0.6250
457 2 0 0 0.7917 0.6250
458 2 0 0 0.7083 0.6667
459 2 0 0 0.6667 0.6250
460 2 0 0 0.7083 0.6250
461 2 0 0 0.6250 0.6667
462 2 0 0 0.5833 0.6250
463 2 0 0 0.6250 0.6250
464 2 0 0 0.5417 0.6667
465 2 0 0 0.5417 0.6250
466 2 0 0 0.9583 0.7500
467 2 0 0 0.9167 0.7083
468 2 0 0 0.9583 0.7083
469 2 0 0 0.8750 0.7500
470 2 0 0 0.8333 0.7083
471 2 0 0 0.8750 0.7083
472 2 0 0 0.7917 0.7500
473 2 0 0 0.7500 0.7083
474 2 0 0 0.7917 0.7083
475 2 0 0 0.7083 0.7500
476 2 0 0 0.6667 0.7083
477 2 0 0 0.7083 0.7083
478 2 0 0 0.6250 0.7500
479 2 0 0 0.5833 0.7083
480 2 0 0 0.6250 0.7083
481 2 0 0 0.5417 0.7500
482 2 0 0 0.5417 0.7083
483 2 0 0 0.9583 0.8333
484 2 0 0 0.9167 0.7917
485 2 0 0 0.9583 0.7917
486 2 0 0 0.8750 0.8333
487 2 0 0 0.8333 0.7917
488 2 0 0 0.8750 0.7917
489 2 0 0 0.7917 0.8333
490 2 0 0 0.7500 0.7917
491 2 0 0 0.7917 0.7917
492 2 0 0 0.7083 0.8333
493 2 0 0 0.6667 0.7917
494 2 0 0 0.7083 0.7917
495 2 0 0 0.6250 0.8333
496 2 0 0 0.5833 0.7917
497 2 0 0 0.6250 0.7917
498 2 0 0 0.5417 0.8333
499 2 0 0 0.5417 0.7917
500 2 0 0 0.9583 0.9167
501 2 0 0 0.9167 0.8750
502 2 0 0 0.9583 0.8750
503 2 0 0 0.8750 0.9167
504 2 0 0 0.8333 0.8750
505 2 0 0 0.8750 0.8750
506 2 0 0 0.7917 0.9167
507 2 0 0 0.7500 0.8750
508 2 0 0 0.7917 0.8750
509 2 0 0 0.7083 0.9167
510 2 0 0 0.6667 0.8750
511 2 0 0 0.7083 0.8750
512 2 0 0 0.6250 0.9167
513 2 0 0 0.5833 0.8750
514 2 0 0 0.6250 0.8750
515 2 0 0 0.5417 0.9167
516 2 0 0 0.5417 0.8750
517 2 0 0 0.9167 0.9583
518 2 0 0 0.9583 0.9583
519 2 0 0 0.8333 0.9583
520 2 0 0 0.8750 0.9583
521 2 0 0 0.7500 0.9583
522 2 0 0 0.7917 0.9583
523 2 0 0 0.6667 0.9583
524 2 0 0 0.7083 0.9583
525 2 0 0 0.5833 0.9583
526 2 0 0 0.6250 0.9583
527 2 0 0 0.5417 0.9583
528 2 0 0 0.4167 0.5833
529 2 0 0 0.3333 0.5833
530 2 0 0 0.2500 0.5833
531 2 0 0 0.1667 0.5833
532 2 0 0 0.0833 0.5833
533 2 0 0 0.4167 0.6667
534 2 0 0 0.3333 0.6667
535 2 0 0 0.2500 0.6667
536 2 0 0 0.1667 0.6667
537 2 0 0 0.0833 0.6667
538 2 0 0 0.4167 0.7500
539 2 0 0 0.3333 0.7500
540 2 0 0 0.2500 0.7500
541 2 0 0 0.1667 0.7500
542 2 0 0 0.0833 0.7500
543 2 0 0 0.4167 0.8333
544 2 0 0 0.3333 0.8333
545 2 0 0 0.2500 0.8333
546 2 0 0 0.1667 0.8333
547 2 0 0 0.0833 0.8333
548 2 0 0 0.4167 0.9167
549 2 0 0 0.3333 0.9167
550 2 0 0 0.2500 0.9167
551 2 0 0 0.1667 0.9167
552 2 0 0 0.0833 0.9167
553 2 0 0 0.4583 0.5833
554 2 0 0 0.4167 0.5417
555 2 0 0 0.4583 0.5417
556 2 0 0 0.3750 0.5833
557 2 0 0 0.3333 0.5417
558 2 0 0 0.3750 0.5417
559 2 0 0 0.2917 0.5833
560 2 0 0 0.2500 0.5417
561 2 0 0 0.2917 0.5417
562 2 0 0 0.2083 0.5833
563 2 0 0 0.1667 0.5417
564 2 0 0 0.2083 0.5417
565 2 0 0 0.1250 0.5833
566 2 0 0 0.0833 0.5417
567 2 0 0 0.1250 0.5417
568 2 0 0 0.0417 0.5833
569 2 0 0 0.0417 0.5417
570 2 0 0 0.4583 0.6667
571 2 0 0 0.4167 0.6250
572 2 0 0 0.4583 0.6250
573 2 0 0 0.3750 0.6667
574 2 0 0 0.3333 0.6250
575 2 0 0 0.3750 0.6250
576 2 0 0 0.2917 0.6667
577 2 0 0 0.2500 0.6250
578 2 0 0 0.2917 0.6250
579 2 0 0 0.2083 0.6667
580 2 0 0 0.1667 0.6250
581 2 0 0 0.2083 0.6250
582 2 0 0 0.1250 0.6667
583 2 0 0 0.0833 0.6250
584 2 0 0 0.1250 0.6250
585 2 0 0 0.0417 0.6667
586 2 0 0 0.0417 0.6250
587 2 0 0 0.4583 0.7500
588 2 0 0 0.4167 0.7083
589 2 0 0 0.4583 0.7083
590 2 0 0 0.3750 0.7500
591 2 0 0 0.3333 0.7083
592 2 0 0 0.3750 0.7083
593 2 0 0 0.2917 0.7500
594 2 0 0 0.2500 0.7083
595 2 0 0 0.2917 0.7083
596 2 0 0 0.2083 0.7500
597 2 0 0 0.1667 0.7083
598 2 0 0 0.2083 0.7083
599 2 0 0 0.1250 0.7500
600 2 0 0 0.0833 0.7083
601 2 0 0 0.1250 0.7083
602 2 0 0 0.0417 0.7500
603 2 0 0 0.0417 0.7083
604 2 0 0 0.4583 0.8333
605 2 0 0 0.4167 0.7917
606 2 0 0 0.4583 0.7917
607 2 0 0 0.3750 0.8333
608 2 0 0 0.3333 0.7917
609 2 0 0 0.3750 0.7917
610 2 0 0 0.2917 0.8333
611 2 0 0 0.2500 0.7917
612 2 0 0 0.2917 0.7917
613 2 0 0 0.2083 0.8333
614 2 0 0 0.1667 0.7917
615 2 0 0 0.2083 0.7917
616 2 0 0 0.1250 0.8333
617 2 0 0 0.0833 0.7917
618 2 0 0 0.1250 0.7917
619 2 0 0 0.0417 0.8333
620 2 0 0 0.0417 0.7917
621 2 0 0 0.4583 0.9167
622 2 0 0 0.4167 0.8750
623 2 0 0 0.4583 0.8750
624 2 0 0 0.3750 0.9167
625 2 0 0 0.3333 0.8750
626 2 0 0 0.3750 0.8750
627 2 0 0 0.2917 0.9167
628 2 0 0 0.2500 0.8750
629 2 0 0 0.2917 0.8750
630 2 0 0 0.2083 0.9167
631 2 0 0 0.1667 0.8750
632 2 0 0 0.2083 0.8750
633 2 0 0 0.1250 0.9167
634 2 0 0 0.0833 0.8750
635 2 0 0 0.1250 0.8750
636 2 0 0 0.0417 0.9167
637 2 0 0 0.0417 0.8750
638 2 0 0 0.4167 0.9583
639 2 0 0 0.4583 0.9583
640 2 0 0 0.3333 0.9583
641 2 0 0 0.3750 0.9583
642 2 0 0 0.2500 0.9583
643 2 0 0 0.2917 0.9583
644 2 0 0 0.1667 0.9583
645 2 0 0 0.2083 0.9583
646 2 0 0 0.0833 0.9583
647 2 0 0 0.1250 0.9583
648 2 0 0 0.0417 0.9583
649 2 0 0 0.4167 0.3125
650 2 0 0 0.4167 0.3750
651 2 0 0 0.4167 0.4375
652 2 0 0 0.3333 0.3125
653 2 0 0 0.3333 0.3750
654 2 0 0 0.3333 0.4375
655 2 0 0 0.2500 0.3125
656 2 0 0 0.2500 0.3750
657 2 0 0 0.2500 0.4375
658 2 0 0 0.1667 0.3125
659 2 0 0 0.1667 0.3750
660 2 0 0 0.1667 0.4375
661 2 0 0 0.0833 0.3125
662 2 0 0 0.0833 0.3750
663 2 0 0 0.0833 0.4375
664 2 0 0 0.4583 0.3125
665 2 0 0 0.4167 0.2812
666 2 0 0 0.4583 0.2813
667 2 0 0 0.4583 0.3750
668 2 0 0 0.4167 0.3438
669 2 0 0 0.4583 0.3437
670 2 0 0 0.4583 0.4375
671 2 0 0 0.4167 0.4063
672 2 0 0 0.4583 0.4062
673 2 0 0 0.4167 0.4688
674 2 0 0 0.4583 0.4687
675 2 0 0 0.3750 0.3125
676 2 0 0 0.3333 0.2812
677 2 0 0 0.3750 0.2812
678 2 0 0 0.3750 0.3750
679 2 0 0 0.3333 0.3438
680 2 0 0 0.3750 0.3438
681 2 0 0 0.3750 0.4375
682 2 0 0 0.3333 0.4063
683 2 0 0 0.3750 0.4062
684 2 0 0 0.3333 0.4688
685 2 0 0 0.3750 0.4688
686 2 0 0 0.2917 0.3125
687 2 0 0 0.2500 0.2812
688 2 0 0 0.2917 0.2812
689 2 0 0 0.2917 0.3750
690 2 0 0 0.2500 0.3438
691 2 0 0 0.2917 0.3438
692 2 0 0 0.2917 0.4375
693 2 0 0 0.2500 0.4063
694 2 0 0 0.2917 0.4063
695 2 0 0 0.2500 0.4688
696 2 0 0 0.2917 0.4688
697 2 0 0 0.2083 0.3125
698 2 0 0 0.1667 0.2812
699 2 0 0 0.2083 0.2812
700 2 0 0 0.2083 0.3750
701 2 0 0 0.1667 0.3438
702 2 0 0 0.2083 0.3438
703 2 0 0 0.2083 0.4375
704 2 0 0 0.1667 0.4063
705 2 0 0 0.2083 0.4063
706 2 0 0 0.1667 0.4688
707 2 0 0 0.2083 0.4688
708 2 0 0 0.1250 0.3125
709 2 0 0 0.0833 0.2812
710 2 0 0 0.1250 0.2812
711 2 0 0 0.1250 0.3750
712 2 0 0 0.0833 0.3438
713 2 0 0 0.1250 0.3438
714 2 0 0 0.1250 0.4375
715 2 0 0 0.0833 0.4063
716 2 0 0 0.1250 0.4063
717 2 0 0 0.0833 0.4688
718 2 0 0 0.1250 0.4688
719 2 0 0 0.0417 0.3125
720 2 0 0 0.0417 0.2813
721 2 0 0 0.0417 0.3750
722 2 0 0 0.0417 0.3437
723 2 0 0 0.0417 0.4375
724 2 0 0 0.0417 0.4062
725 2 0 0 0.0417 0.4687
