1 3 18 1 9 1 13 176 102 18 191 192 106 193
2 3 18 1 9 102 176 177 101 192 194 195 105 196
3 3 18 1 9 101 177 178 100 195 197 198 104 199
4 3 18 1 9 100 178 129 10 198 200 135 103 201
5 3 18 1 9 13 14 179 176 19 202 203 191 204
6 3 18 1 9 176 179 180 177 203 205 206 194 207
7 3 18 1 9 177 180 181 178 206 208 209 197 210
8 3 18 1 9 178 181 128 129 209 211 134 200 212
9 3 18 1 9 14 15 182 179 20 213 214 202 215
10 3 18 1 9 179 182 183 180 214 216 217 205 218
11 3 18 1 9 180 183 184 181 217 219 220 208 221
12 3 18 1 9 181 184 127 128 220 222 133 211 223
13 3 18 1 9 15 16 185 182 21 224 225 213 226
14 3 18 1 9 182 185 186 183 225 227 228 216 229
15 3 18 1 9 183 186 187 184 228 230 231 219 232
16 3 18 1 9 184 187 126 127 231 233 132 222 234
17 3 18 1 9 16 17 188 185 22 235 236 224 237
18 3 18 1 9 185 188 189 186 236 238 239 227 240
19 3 18 1 9 186 189 190 187 239 241 242 230 243
20 3 18 1 9 187 190 125 126 242 244 131 233 245
21 3 18 1 9 17 2 120 188 23 124 246 235 247
22 3 18 1 9 188 120 119 189 246 123 248 238 249
23 3 18 1 9 189 119 118 190 248 122 250 241 251
24 3 18 1 9 190 118 11 125 250 121 130 244 252
25 3 18 1 9 2 24 253 120 29 268 269 124 270
26 3 18 1 9 120 253 254 119 269 271 272 123 273
27 3 18 1 9 119 254 255 118 272 274 275 122 276
28 3 18 1 9 118 255 111 11 275 277 117 121 278
29 3 18 1 9 24 25 256 253 30 279 280 268 281
30 3 18 1 9 253 256 257 254 280 282 283 271 284
31 3 18 1 9 254 257 258 255 283 285 286 274 287
32 3 18 1 9 255 258 110 111 286 288 116 277 289
33 3 18 1 9 25 26 259 256 31 290 291 279 292
34 3 18 1 9 256 259 260 257 291 293 294 282 295
35 3 18 1 9 257 260 261 258 294 296 297 285 298
36 3 18 1 9 258 261 109 110 297 299 115 288 300
37 3 18 1 9 26 27 262 259 32 301 302 290 303
38 3 18 1 9 259 262 263 260 302 304 305 293 306
39 3 18 1 9 260 263 264 261 305 307 308 296 309
40 3 18 1 9 261 264 108 109 308 310 114 299 311
41 3 18 1 9 27 28 265 262 33 312 313 301 314
42 3 18 1 9 262 265 266 263 313 315 316 304 317
43 3 18 1 9 263 266 267 264 316 318 319 307 320
44 3 18 1 9 264 267 107 108 319 321 113 310 322
45 3 18 1 9 28 3 35 265 34 38 323 312 324
46 3 18 1 9 265 35 36 266 323 39 325 315 326
47 3 18 1 9 266 36 37 267 325 40 327 318 328
48 3 18 1 9 267 37 4 107 327 41 112 321 329
49 3 18 1 9 4 42 330 107 45 345 346 112 347
50 3 18 1 9 42 43 331 330 46 348 349 345 350
51 3 18 1 9 43 44 332 331 47 351 352 348 353
52 3 18 1 9 44 5 136 332 48 141 354 351 355
53 3 18 1 9 107 330 333 108 346 356 357 113 358
54 3 18 1 9 330 331 334 333 349 359 360 356 361
55 3 18 1 9 331 332 335 334 352 362 363 359 364
56 3 18 1 9 332 136 137 335 354 142 365 362 366
57 3 18 1 9 108 333 336 109 357 367 368 114 369
58 3 18 1 9 333 334 337 336 360 370 371 367 372
59 3 18 1 9 334 335 338 337 363 373 374 370 375
60 3 18 1 9 335 137 138 338 365 143 376 373 377
61 3 18 1 9 109 336 339 110 368 378 379 115 380
62 3 18 1 9 336 337 340 339 371 381 382 378 383
63 3 18 1 9 337 338 341 340 374 384 385 381 386
64 3 18 1 9 338 138 139 341 376 144 387 384 388
65 3 18 1 9 110 339 342 111 379 389 390 116 391
66 3 18 1 9 339 340 343 342 382 392 393 389 394
67 3 18 1 9 340 341 344 343 385 395 396 392 397
68 3 18 1 9 341 139 140 344 387 145 398 395 399
69 3 18 1 9 111 342 149 11 390 400 153 117 401
70 3 18 1 9 342 343 148 149 393 402 152 400 403
71 3 18 1 9 343 344 147 148 396 404 151 402 405
72 3 18 1 9 344 140 12 147 398 146 150 404 406
73 3 18 2 9 5 49 407 136 54 432 433 141 434
74 3 18 2 9 136 407 408 137 433 435 436 142 437
75 3 18 2 9 137 408 409 138 436 438 439 143 440
76 3 18 2 9 138 409 410 139 439 441 442 144 443
77 3 18 2 9 139 410 411 140 442 444 445 145 446
78 3 18 2 9 140 411 165 12 445 447 170 146 448
79 3 18 2 9 49 50 412 407 55 449 450 432 451
80 3 18 2 9 407 412 413 408 450 452 453 435 454
81 3 18 2 9 408 413 414 409 453 455 456 438 457
82 3 18 2 9 409 414 415 410 456 458 459 441 460
83 3 18 2 9 410 415 416 411 459 461 462 444 463
84 3 18 2 9 411 416 166 165 462 464 171 447 465
85 3 18 2 9 50 51 417 412 56 466 467 449 468
86 3 18 2 9 412 417 418 413 467 469 470 452 471
87 3 18 2 9 413 418 419 414 470 472 473 455 474
88 3 18 2 9 414 419 420 415 473 475 476 458 477
89 3 18 2 9 415 420 421 416 476 478 479 461 480
90 3 18 2 9 416 421 167 166 479 481 172 464 482
91 3 18 2 9 51 52 422 417 57 483 484 466 485
92 3 18 2 9 417 422 423 418 484 486 487 469 488
93 3 18 2 9 418 423 424 419 487 489 490 472 491
94 3 18 2 9 419 424 425 420 490 492 493 475 494
95 3 18 2 9 420 425 426 421 493 495 496 478 497
96 3 18 2 9 421 426 168 167 496 498 173 481 499
97 3 18 2 9 52 53 427 422 58 500 501 483 502
98 3 18 2 9 422 427 428 423 501 503 504 486 505
99 3 18 2 9 423 428 429 424 504 506 507 489 508
100 3 18 2 9 424 429 430 425 507 509 510 492 511
101 3 18 2 9 425 430 431 426 510 512 513 495 514
102 3 18 2 9 426 431 169 168 513 515 174 498 516
103 3 18 2 9 53 6 60 427 59 65 517 500 518
104 3 18 2 9 427 60 61 428 517 66 519 503 520
105 3 18 2 9 428 61 62 429 519 67 521 506 522
106 3 18 2 9 429 62 63 430 521 68 523 509 524
107 3 18 2 9 430 63 64 431 523 69 525 512 526
108 3 18 2 9 431 64 7 169 525 70 175 515 527
109 3 18 2 9 12 165 528 154 170 553 554 159 555
110 3 18 2 9 154 528 529 155 554 556 557 160 558
111 3 18 2 9 155 529 530 156 557 559 560 161 561
112 3 18 2 9 156 530 531 157 560 562 563 162 564
113 3 18 2 9 157 531 532 158 563 565 566 163 567
114 3 18 2 9 158 532 86 9 566 568 92 164 569
115 3 18 2 9 165 166 533 528 171 570 571 553 572
116 3 18 2 9 528 533 534 529 571 573 574 556 575
117 3 18 2 9 529 534 535 530 574 576 577 559 578
118 3 18 2 9 530 535 536 531 577 579 580 562 581
119 3 18 2 9 531 536 537 532 580 582 583 565 584
120 3 18 2 9 532 537 85 86 583 585 91 568 586
121 3 18 2 9 166 167 538 533 172 587 588 570 589
122 3 18 2 9 533 538 539 534 588 590 591 573 592
123 3 18 2 9 534 539 540 535 591 593 594 576 595
124 3 18 2 9 535 540 541 536 594 596 597 579 598
125 3 18 2 9 536 541 542 537 597 599 600 582 601
126 3 18 2 9 537 542 84 85 600 602 90 585 603
127 3 18 2 9 167 168 543 538 173 604 605 587 606
128 3 18 2 9 538 543 544 539 605 607 608 590 609
129 3 18 2 9 539 544 545 540 608 610 611 593 612
130 3 18 2 9 540 545 546 541 611 613 614 596 615
131 3 18 2 9 541 546 547 542 614 616 617 599 618
132 3 18 2 9 542 547 83 84 617 619 89 602 620
133 3 18 2 9 168 169 548 543 174 621 622 604 623
134 3 18 2 9 543 548 549 544 622 624 625 607 626
135 3 18 2 9 544 549 550 545 625 627 628 610 629
136 3 18 2 9 545 550 551 546 628 630 631 613 632
137 3 18 2 9 546 551 552 547 631 633 634 616 635
138 3 18 2 9 547 552 82 83 634 636 88 619 637
139 3 18 2 9 169 7 71 548 175 76 638 621 639
140 3 18 2 9 548 71 72 549 638 77 640 624 641
141 3 18 2 9 549 72 73 550 640 78 642 627 643
142 3 18 2 9 550 73 74 551 642 79 644 630 645
143 3 18 2 9 551 74 75 552 644 80 646 633 647
144 3 18 2 9 552 75 8 82 646 81 87 636 648
145 3 18 1 9 11 149 649 125 153 664 665 130 666
146 3 18 1 9 149 148 650 649 152 667 668 664 669
147 3 18 1 9 148 147 651 650 151 670 671 667 672
148 3 18 1 9 147 12 154 651 150 159 673 670 674
149 3 18 1 9 125 649 652 126 665 675 676 131 677
150 3 18 1 9 649 650 653 652 668 678 679 675 680
151 3 18 1 9 650 651 654 653 671 681 682 678 683
152 3 18 1 9 651 154 155 654 673 160 684 681 685
153 3 18 1 9 126 652 655 127 676 686 687 132 688
154 3 18 1 9 652 653 656 655 679 689 690 686 691
155 3 18 1 9 653 654 657 656 682 692 693 689 694
156 3 18 1 9 654 155 156 657 684 161 695 692 696
157 3 18 1 9 127 655 658 128 687 697 698 133 699
158 3 18 1 9 655 656 659 658 690 700 701 697 702
159 3 18 1 9 656 657 660 659 693 703 704 700 705
160 3 18 1 9 657 156 157 660 695 162 706 703 707
161 3 18 1 9 128 658 661 129 698 708 709 134 710
162 3 18 1 9 658 659 662 661 701 711 712 708 713
163 3 18 1 9 659 660 663 662 704 714 715 711 716
164 3 18 1 9 660 157 158 663 706 163 717 714 718
165 3 18 1 9 129 661 95 10 709 719 99 135 720
166 3 18 1 9 661 662 94 95 712 721 98 719 722
167 3 18 1 9 662 663 93 94 715 723 97 721 724
168 3 18 1 9 663 158 9 93 717 164 96 723 725
