23383 7 6 2 3 8 1078 1225
23384 7 6 2 3 1078 1079 1226
23385 7 6 2 3 1079 1080 1227
23386 7 6 2 3 1080 1081 1228
23387 7 6 2 3 1081 1082 1229
23388 7 6 2 3 1082 1083 1230
23389 7 6 2 3 1083 1084 1231
23390 7 6 2 3 1084 1085 1232
23391 7 6 2 3 1085 1086 1233
23392 7 6 2 3 1086 1087 1234
23393 7 6 2 3 1087 1088 1235
23394 7 6 2 3 1088 1089 1236
23395 7 6 2 3 1089 1090 1237
23396 7 6 2 3 1090 1091 1238
23397 7 6 2 3 1091 1092 1239
23398 7 6 2 3 1092 1093 1240
23399 7 6 2 3 1093 1094 1241
23400 7 6 2 3 1094 1095 1242
23401 7 6 2 3 1095 1096 1243
23402 7 6 2 3 1096 1097 1244
23403 7 6 2 3 1097 1098 1245
23404 7 6 2 3 1098 1099 1246
23405 7 6 2 3 1099 1100 1247
23406 7 6 2 3 1100 1101 1248
23407 7 6 2 3 1101 1102 1249
23408 7 6 2 3 1102 1103 1250
23409 7 6 2 3 1103 1104 1251
23410 7 6 2 3 1104 1105 1252
23411 7 6 2 3 1105 1106 1253
23412 7 6 2 3 1106 1107 1254
23413 7 6 2 3 1107 1108 1255
23414 7 6 2 3 1108 1109 1256
23415 7 6 2 3 1109 1110 1257
23416 7 6 2 3 1110 1111 1258
23417 7 6 2 3 1111 1112 1259
23418 7 6 2 3 1112 1113 1260
23419 7 6 2 3 1113 1114 1261
23420 7 6 2 3 1114 1115 1262
23421 7 6 2 3 1115 1116 1263
23422 7 6 2 3 1116 1117 1264
23423 7 6 2 3 1117 1118 1265
23424 7 6 2 3 1118 1119 1266
23425 7 6 2 3 1119 1120 1267
23426 7 6 2 3 1120 1121 1268
23427 7 6 2 3 1121 1122 1269
23428 7 6 2 3 1122 1123 1270
23429 7 6 2 3 1123 1124 1271
23430 7 6 2 3 1124 1125 1272
23431 7 6 2 3 1125 1126 1273
23432 7 6 2 3 1126 1127 1274
23433 7 6 2 3 1127 1128 1275
23434 7 6 2 3 1128 1129 1276
23435 7 6 2 3 1129 1130 1277
23436 7 6 2 3 1130 1131 1278
23437 7 6 2 3 1131 1132 1279
23438 7 6 2 3 1132 1133 1280
23439 7 6 2 3 1133 1134 1281
23440 7 6 2 3 1134 1135 1282
23441 7 6 2 3 1135 1136 1283
23442 7 6 2 3 1136 1137 1284
23443 7 6 2 3 1137 1138 1285
23444 7 6 2 3 1138 1139 1286
23445 7 6 2 3 1139 1140 1287
23446 7 6 2 3 1140 1141 1288
23447 7 6 2 3 1141 1142 1289
23448 7 6 2 3 1142 1143 1290
23449 7 6 2 3 1143 1144 1291
23450 7 6 2 3 1144 1145 1292
23451 7 6 2 3 1145 1146 1293
23452 7 6 2 3 1146 1147 1294
23453 7 6 2 3 1147 1148 1295
23454 7 6 2 3 1148 1149 1296
23455 7 6 2 3 1149 1150 1297
23456 7 6 2 3 1150 1151 1298
23457 7 6 2 3 1151 1152 1299
23458 7 6 2 3 1152 1153 1300
23459 7 6 2 3 1153 1154 1301
23460 7 6 2 3 1154 1155 1302
23461 7 6 2 3 1155 1156 1303
23462 7 6 2 3 1156 1157 1304
23463 7 6 2 3 1157 1158 1305
23464 7 6 2 3 1158 1159 1306
23465 7 6 2 3 1159 1160 1307
23466 7 6 2 3 1160 1161 1308
23467 7 6 2 3 1161 1162 1309
23468 7 6 2 3 1162 1163 1310
23469 7 6 2 3 1163 1164 1311
23470 7 6 2 3 1164 1165 1312
23471 7 6 2 3 1165 1166 1313
23472 7 6 2 3 1166 1167 1314
23473 7 6 2 3 1167 1168 1315
23474 7 6 2 3 1168 1169 1316
23475 7 6 2 3 1169 1170 1317
23476 7 6 2 3 1170 1171 1318
23477 7 6 2 3 1171 1172 1319
23478 7 6 2 3 1172 1173 1320
23479 7 6 2 3 1173 1174 1321
23480 7 6 2 3 1174 1175 1322
23481 7 6 2 3 1175 1176 1323
23482 7 6 2 3 1176 1177 1324
23483 7 6 2 3 1177 1178 1325
23484 7 6 2 3 1178 1179 1326
23485 7 6 2 3 1179 1180 1327
23486 7 6 2 3 1180 1181 1328
23487 7 6 2 3 1181 1182 1329
23488 7 6 2 3 1182 1183 1330
23489 7 6 2 3 1183 1184 1331
23490 7 6 2 3 1184 1185 1332
23491 7 6 2 3 1185 1186 1333
23492 7 6 2 3 1186 1187 1334
23493 7 6 2 3 1187 1188 1335
23494 7 6 2 3 1188 1189 1336
23495 7 6 2 3 1189 1190 1337
23496 7 6 2 3 1190 1191 1338
23497 7 6 2 3 1191 1192 1339
23498 7 6 2 3 1192 1193 1340
23499 7 6 2 3 1193 1194 1341
23500 7 6 2 3 1194 1195 1342
23501 7 6 2 3 1195 1196 1343
23502 7 6 2 3 1196 1197 1344
23503 7 6 2 3 1197 1198 1345
23504 7 6 2 3 1198 1199 1346
23505 7 6 2 3 1199 1200 1347
23506 7 6 2 3 1200 1201 1348
23507 7 6 2 3 1201 1202 1349
23508 7 6 2 3 1202 1203 1350
23509 7 6 2 3 1203 1204 1351
23510 7 6 2 3 1204 1205 1352
23511 7 6 2 3 1205 1206 1353
23512 7 6 2 3 1206 1207 1354
23513 7 6 2 3 1207 1208 1355
23514 7 6 2 3 1208 1209 1356
23515 7 6 2 3 1209 1210 1357
23516 7 6 2 3 1210 1211 1358
23517 7 6 2 3 1211 1212 1359
23518 7 6 2 3 1212 1213 1360
23519 7 6 2 3 1213 1214 1361
23520 7 6 2 3 1214 1215 1362
23521 7 6 2 3 1215 1216 1363
23522 7 6 2 3 1216 1217 1364
23523 7 6 2 3 1217 1218 1365
23524 7 6 2 3 1218 1219 1366
23525 7 6 2 3 1219 1220 1367
23526 7 6 2 3 1220 1221 1368
23527 7 6 2 3 1221 1222 1369
23528 7 6 2 3 1222 1223 1370
23529 7 6 2 3 1223 1224 1371
23530 7 6 2 3 1224 9 1372
23531 7 6 2 3 9 1373 1374
23532 7 6 2 3 1373 10 1375
23533 7 6 2 3 10 1376 1377
23534 7 6 2 3 1376 11 1378
23535 7 6 2 3 11 1379 1674
23536 7 6 2 3 1379 1380 1675
23537 7 6 2 3 1380 1381 1676
23538 7 6 2 3 1381 1382 1677
23539 7 6 2 3 1382 1383 1678
23540 7 6 2 3 1383 1384 1679
23541 7 6 2 3 1384 1385 1680
23542 7 6 2 3 1385 1386 1681
23543 7 6 2 3 1386 1387 1682
23544 7 6 2 3 1387 1388 1683
23545 7 6 2 3 1388 1389 1684
23546 7 6 2 3 1389 1390 1685
23547 7 6 2 3 1390 1391 1686
23548 7 6 2 3 1391 1392 1687
23549 7 6 2 3 1392 1393 1688
23550 7 6 2 3 1393 1394 1689
23551 7 6 2 3 1394 1395 1690
23552 7 6 2 3 1395 1396 1691
23553 7 6 2 3 1396 1397 1692
23554 7 6 2 3 1397 1398 1693
23555 7 6 2 3 1398 1399 1694
23556 7 6 2 3 1399 1400 1695
23557 7 6 2 3 1400 1401 1696
23558 7 6 2 3 1401 1402 1697
23559 7 6 2 3 1402 1403 1698
23560 7 6 2 3 1403 1404 1699
23561 7 6 2 3 1404 1405 1700
23562 7 6 2 3 1405 1406 1701
23563 7 6 2 3 1406 1407 1702
23564 7 6 2 3 1407 1408 1703
23565 7 6 2 3 1408 1409 1704
23566 7 6 2 3 1409 1410 1705
23567 7 6 2 3 1410 1411 1706
23568 7 6 2 3 1411 1412 1707
23569 7 6 2 3 1412 1413 1708
23570 7 6 2 3 1413 1414 1709
23571 7 6 2 3 1414 1415 1710
23572 7 6 2 3 1415 1416 1711
23573 7 6 2 3 1416 1417 1712
23574 7 6 2 3 1417 1418 1713
23575 7 6 2 3 1418 1419 1714
23576 7 6 2 3 1419 1420 1715
23577 7 6 2 3 1420 1421 1716
23578 7 6 2 3 1421 1422 1717
23579 7 6 2 3 1422 1423 1718
23580 7 6 2 3 1423 1424 1719
23581 7 6 2 3 1424 1425 1720
23582 7 6 2 3 1425 1426 1721
23583 7 6 2 3 1426 1427 1722
23584 7 6 2 3 1427 1428 1723
23585 7 6 2 3 1428 1429 1724
23586 7 6 2 3 1429 1430 1725
23587 7 6 2 3 1430 1431 1726
23588 7 6 2 3 1431 1432 1727
23589 7 6 2 3 1432 1433 1728
23590 7 6 2 3 1433 1434 1729
23591 7 6 2 3 1434 1435 1730
23592 7 6 2 3 1435 1436 1731
23593 7 6 2 3 1436 1437 1732
23594 7 6 2 3 1437 1438 1733
23595 7 6 2 3 1438 1439 1734
23596 7 6 2 3 1439 1440 1735
23597 7 6 2 3 1440 1441 1736
23598 7 6 2 3 1441 1442 1737
23599 7 6 2 3 1442 1443 1738
23600 7 6 2 3 1443 1444 1739
23601 7 6 2 3 1444 1445 1740
23602 7 6 2 3 1445 1446 1741
23603 7 6 2 3 1446 1447 1742
23604 7 6 2 3 1447 1448 1743
23605 7 6 2 3 1448 1449 1744
23606 7 6 2 3 1449 1450 1745
23607 7 6 2 3 1450 1451 1746
23608 7 6 2 3 1451 1452 1747
23609 7 6 2 3 1452 1453 1748
23610 7 6 2 3 1453 1454 1749
23611 7 6 2 3 1454 1455 1750
23612 7 6 2 3 1455 1456 1751
23613 7 6 2 3 1456 1457 1752
23614 7 6 2 3 1457 1458 1753
23615 7 6 2 3 1458 1459 1754
23616 7 6 2 3 1459 1460 1755
23617 7 6 2 3 1460 1461 1756
23618 7 6 2 3 1461 1462 1757
23619 7 6 2 3 1462 1463 1758
23620 7 6 2 3 1463 1464 1759
23621 7 6 2 3 1464 1465 1760
23622 7 6 2 3 1465 1466 1761
23623 7 6 2 3 1466 1467 1762
23624 7 6 2 3 1467 1468 1763
23625 7 6 2 3 1468 1469 1764
23626 7 6 2 3 1469 1470 1765
23627 7 6 2 3 1470 1471 1766
23628 7 6 2 3 1471 1472 1767
23629 7 6 2 3 1472 1473 1768
23630 7 6 2 3 1473 1474 1769
23631 7 6 2 3 1474 1475 1770
23632 7 6 2 3 1475 1476 1771
23633 7 6 2 3 1476 1477 1772
23634 7 6 2 3 1477 1478 1773
23635 7 6 2 3 1478 1479 1774
23636 7 6 2 3 1479 1480 1775
23637 7 6 2 3 1480 1481 1776
23638 7 6 2 3 1481 1482 1777
23639 7 6 2 3 1482 1483 1778
23640 7 6 2 3 1483 1484 1779
23641 7 6 2 3 1484 1485 1780
23642 7 6 2 3 1485 1486 1781
23643 7 6 2 3 1486 1487 1782
23644 7 6 2 3 1487 1488 1783
23645 7 6 2 3 1488 1489 1784
23646 7 6 2 3 1489 1490 1785
23647 7 6 2 3 1490 1491 1786
23648 7 6 2 3 1491 1492 1787
23649 7 6 2 3 1492 1493 1788
23650 7 6 2 3 1493 1494 1789
23651 7 6 2 3 1494 1495 1790
23652 7 6 2 3 1495 1496 1791
23653 7 6 2 3 1496 1497 1792
23654 7 6 2 3 1497 1498 1793
23655 7 6 2 3 1498 1499 1794
23656 7 6 2 3 1499 1500 1795
23657 7 6 2 3 1500 1501 1796
23658 7 6 2 3 1501 1502 1797
23659 7 6 2 3 1502 1503 1798
23660 7 6 2 3 1503 1504 1799
23661 7 6 2 3 1504 1505 1800
23662 7 6 2 3 1505 1506 1801
23663 7 6 2 3 1506 1507 1802
23664 7 6 2 3 1507 1508 1803
23665 7 6 2 3 1508 1509 1804
23666 7 6 2 3 1509 1510 1805
23667 7 6 2 3 1510 1511 1806
23668 7 6 2 3 1511 1512 1807
23669 7 6 2 3 1512 1513 1808
23670 7 6 2 3 1513 1514 1809
23671 7 6 2 3 1514 1515 1810
23672 7 6 2 3 1515 1516 1811
23673 7 6 2 3 1516 1517 1812
23674 7 6 2 3 1517 1518 1813
23675 7 6 2 3 1518 1519 1814
23676 7 6 2 3 1519 1520 1815
23677 7 6 2 3 1520 1521 1816
23678 7 6 2 3 1521 1522 1817
23679 7 6 2 3 1522 1523 1818
23680 7 6 2 3 1523 1524 1819
23681 7 6 2 3 1524 1525 1820
23682 7 6 2 3 1525 1526 1821
23683 7 6 2 3 1526 1527 1822
23684 7 6 2 3 1527 1528 1823
23685 7 6 2 3 1528 1529 1824
23686 7 6 2 3 1529 1530 1825
23687 7 6 2 3 1530 1531 1826
23688 7 6 2 3 1531 1532 1827
23689 7 6 2 3 1532 1533 1828
23690 7 6 2 3 1533 1534 1829
23691 7 6 2 3 1534 1535 1830
23692 7 6 2 3 1535 1536 1831
23693 7 6 2 3 1536 1537 1832
23694 7 6 2 3 1537 1538 1833
23695 7 6 2 3 1538 1539 1834
23696 7 6 2 3 1539 1540 1835
23697 7 6 2 3 1540 1541 1836
23698 7 6 2 3 1541 1542 1837
23699 7 6 2 3 1542 1543 1838
23700 7 6 2 3 1543 1544 1839
23701 7 6 2 3 1544 1545 1840
23702 7 6 2 3 1545 1546 1841
23703 7 6 2 3 1546 1547 1842
23704 7 6 2 3 1547 1548 1843
23705 7 6 2 3 1548 1549 1844
23706 7 6 2 3 1549 1550 1845
23707 7 6 2 3 1550 1551 1846
23708 7 6 2 3 1551 1552 1847
23709 7 6 2 3 1552 1553 1848
23710 7 6 2 3 1553 1554 1849
23711 7 6 2 3 1554 1555 1850
23712 7 6 2 3 1555 1556 1851
23713 7 6 2 3 1556 1557 1852
23714 7 6 2 3 1557 1558 1853
23715 7 6 2 3 1558 1559 1854
23716 7 6 2 3 1559 1560 1855
23717 7 6 2 3 1560 1561 1856
23718 7 6 2 3 1561 1562 1857
23719 7 6 2 3 1562 1563 1858
23720 7 6 2 3 1563 1564 1859
23721 7 6 2 3 1564 1565 1860
23722 7 6 2 3 1565 1566 1861
23723 7 6 2 3 1566 1567 1862
23724 7 6 2 3 1567 1568 1863
23725 7 6 2 3 1568 1569 1864
23726 7 6 2 3 1569 1570 1865
23727 7 6 2 3 1570 1571 1866
23728 7 6 2 3 1571 1572 1867
23729 7 6 2 3 1572 1573 1868
23730 7 6 2 3 1573 1574 1869
23731 7 6 2 3 1574 1575 1870
23732 7 6 2 3 1575 1576 1871
23733 7 6 2 3 1576 1577 1872
23734 7 6 2 3 1577 1578 1873
23735 7 6 2 3 1578 1579 1874
23736 7 6 2 3 1579 1580 1875
23737 7 6 2 3 1580 1581 1876
23738 7 6 2 3 1581 1582 1877
23739 7 6 2 3 1582 1583 1878
23740 7 6 2 3 1583 1584 1879
23741 7 6 2 3 1584 1585 1880
23742 7 6 2 3 1585 1586 1881
23743 7 6 2 3 1586 1587 1882
23744 7 6 2 3 1587 1588 1883
23745 7 6 2 3 1588 1589 1884
23746 7 6 2 3 1589 1590 1885
23747 7 6 2 3 1590 1591 1886
23748 7 6 2 3 1591 1592 1887
23749 7 6 2 3 1592 1593 1888
23750 7 6 2 3 1593 1594 1889
23751 7 6 2 3 1594 1595 1890
23752 7 6 2 3 1595 1596 1891
23753 7 6 2 3 1596 1597 1892
23754 7 6 2 3 1597 1598 1893
23755 7 6 2 3 1598 1599 1894
23756 7 6 2 3 1599 1600 1895
23757 7 6 2 3 1600 1601 1896
23758 7 6 2 3 1601 1602 1897
23759 7 6 2 3 1602 1603 1898
23760 7 6 2 3 1603 1604 1899
23761 7 6 2 3 1604 1605 1900
23762 7 6 2 3 1605 1606 1901
23763 7 6 2 3 1606 1607 1902
23764 7 6 2 3 1607 1608 1903
23765 7 6 2 3 1608 1609 1904
23766 7 6 2 3 1609 1610 1905
23767 7 6 2 3 1610 1611 1906
23768 7 6 2 3 1611 1612 1907
23769 7 6 2 3 1612 1613 1908
23770 7 6 2 3 1613 1614 1909
23771 7 6 2 3 1614 1615 1910
23772 7 6 2 3 1615 1616 1911
23773 7 6 2 3 1616 1617 1912
23774 7 6 2 3 1617 1618 1913
23775 7 6 2 3 1618 1619 1914
23776 7 6 2 3 1619 1620 1915
23777 7 6 2 3 1620 1621 1916
23778 7 6 2 3 1621 1622 1917
23779 7 6 2 3 1622 1623 1918
23780 7 6 2 3 1623 1624 1919
23781 7 6 2 3 1624 1625 1920
23782 7 6 2 3 1625 1626 1921
23783 7 6 2 3 1626 1627 1922
23784 7 6 2 3 1627 1628 1923
23785 7 6 2 3 1628 1629 1924
23786 7 6 2 3 1629 1630 1925
23787 7 6 2 3 1630 1631 1926
23788 7 6 2 3 1631 1632 1927
23789 7 6 2 3 1632 1633 1928
23790 7 6 2 3 1633 1634 1929
23791 7 6 2 3 1634 1635 1930
23792 7 6 2 3 1635 1636 1931
23793 7 6 2 3 1636 1637 1932
23794 7 6 2 3 1637 1638 1933
23795 7 6 2 3 1638 1639 1934
23796 7 6 2 3 1639 1640 1935
23797 7 6 2 3 1640 1641 1936
23798 7 6 2 3 1641 1642 1937
23799 7 6 2 3 1642 1643 1938
23800 7 6 2 3 1643 1644 1939
23801 7 6 2 3 1644 1645 1940
23802 7 6 2 3 1645 1646 1941
23803 7 6 2 3 1646 1647 1942
23804 7 6 2 3 1647 1648 1943
23805 7 6 2 3 1648 1649 1944
23806 7 6 2 3 1649 1650 1945
23807 7 6 2 3 1650 1651 1946
23808 7 6 2 3 1651 1652 1947
23809 7 6 2 3 1652 1653 1948
23810 7 6 2 3 1653 1654 1949
23811 7 6 2 3 1654 1655 1950
23812 7 6 2 3 1655 1656 1951
23813 7 6 2 3 1656 1657 1952
23814 7 6 2 3 1657 1658 1953
23815 7 6 2 3 1658 1659 1954
23816 7 6 2 3 1659 1660 1955
23817 7 6 2 3 1660 1661 1956
23818 7 6 2 3 1661 1662 1957
23819 7 6 2 3 1662 1663 1958
23820 7 6 2 3 1663 1664 1959
23821 7 6 2 3 1664 1665 1960
23822 7 6 2 3 1665 1666 1961
23823 7 6 2 3 1666 1667 1962
23824 7 6 2 3 1667 1668 1963
23825 7 6 2 3 1668 1669 1964
23826 7 6 2 3 1669 1670 1965
23827 7 6 2 3 1670 1671 1966
23828 7 6 2 3 1671 1672 1967
23829 7 6 2 3 1672 1673 1968
23830 7 6 2 3 1673 12 1969
23831 7 6 2 3 12 1970 1971
23832 7 6 2 3 1970 13 1972
23833 7 6 2 3 13 1973 1974
23834 7 6 2 3 1973 14 1975
23835 7 6 2 3 14 1976 2123
23836 7 6 2 3 1976 1977 2124
23837 7 6 2 3 1977 1978 2125
23838 7 6 2 3 1978 1979 2126
23839 7 6 2 3 1979 1980 2127
23840 7 6 2 3 1980 1981 2128
23841 7 6 2 3 1981 1982 2129
23842 7 6 2 3 1982 1983 2130
23843 7 6 2 3 1983 1984 2131
23844 7 6 2 3 1984 1985 2132
23845 7 6 2 3 1985 1986 2133
23846 7 6 2 3 1986 1987 2134
23847 7 6 2 3 1987 1988 2135
23848 7 6 2 3 1988 1989 2136
23849 7 6 2 3 1989 1990 2137
23850 7 6 2 3 1990 1991 2138
23851 7 6 2 3 1991 1992 2139
23852 7 6 2 3 1992 1993 2140
23853 7 6 2 3 1993 1994 2141
23854 7 6 2 3 1994 1995 2142
23855 7 6 2 3 1995 1996 2143
23856 7 6 2 3 1996 1997 2144
23857 7 6 2 3 1997 1998 2145
23858 7 6 2 3 1998 1999 2146
23859 7 6 2 3 1999 2000 2147
23860 7 6 2 3 2000 2001 2148
23861 7 6 2 3 2001 2002 2149
23862 7 6 2 3 2002 2003 2150
23863 7 6 2 3 2003 2004 2151
23864 7 6 2 3 2004 2005 2152
23865 7 6 2 3 2005 2006 2153
23866 7 6 2 3 2006 2007 2154
23867 7 6 2 3 2007 2008 2155
23868 7 6 2 3 2008 2009 2156
23869 7 6 2 3 2009 2010 2157
23870 7 6 2 3 2010 2011 2158
23871 7 6 2 3 2011 2012 2159
23872 7 6 2 3 2012 2013 2160
23873 7 6 2 3 2013 2014 2161
23874 7 6 2 3 2014 2015 2162
23875 7 6 2 3 2015 2016 2163
23876 7 6 2 3 2016 2017 2164
23877 7 6 2 3 2017 2018 2165
23878 7 6 2 3 2018 2019 2166
23879 7 6 2 3 2019 2020 2167
23880 7 6 2 3 2020 2021 2168
23881 7 6 2 3 2021 2022 2169
23882 7 6 2 3 2022 2023 2170
23883 7 6 2 3 2023 2024 2171
23884 7 6 2 3 2024 2025 2172
23885 7 6 2 3 2025 2026 2173
23886 7 6 2 3 2026 2027 2174
23887 7 6 2 3 2027 2028 2175
23888 7 6 2 3 2028 2029 2176
23889 7 6 2 3 2029 2030 2177
23890 7 6 2 3 2030 2031 2178
23891 7 6 2 3 2031 2032 2179
23892 7 6 2 3 2032 2033 2180
23893 7 6 2 3 2033 2034 2181
23894 7 6 2 3 2034 2035 2182
23895 7 6 2 3 2035 2036 2183
23896 7 6 2 3 2036 2037 2184
23897 7 6 2 3 2037 2038 2185
23898 7 6 2 3 2038 2039 2186
23899 7 6 2 3 2039 2040 2187
23900 7 6 2 3 2040 2041 2188
23901 7 6 2 3 2041 2042 2189
23902 7 6 2 3 2042 2043 2190
23903 7 6 2 3 2043 2044 2191
23904 7 6 2 3 2044 2045 2192
23905 7 6 2 3 2045 2046 2193
23906 7 6 2 3 2046 2047 2194
23907 7 6 2 3 2047 2048 2195
23908 7 6 2 3 2048 2049 2196
23909 7 6 2 3 2049 2050 2197
23910 7 6 2 3 2050 2051 2198
23911 7 6 2 3 2051 2052 2199
23912 7 6 2 3 2052 2053 2200
23913 7 6 2 3 2053 2054 2201
23914 7 6 2 3 2054 2055 2202
23915 7 6 2 3 2055 2056 2203
23916 7 6 2 3 2056 2057 2204
23917 7 6 2 3 2057 2058 2205
23918 7 6 2 3 2058 2059 2206
23919 7 6 2 3 2059 2060 2207
23920 7 6 2 3 2060 2061 2208
23921 7 6 2 3 2061 2062 2209
23922 7 6 2 3 2062 2063 2210
23923 7 6 2 3 2063 2064 2211
23924 7 6 2 3 2064 2065 2212
23925 7 6 2 3 2065 2066 2213
23926 7 6 2 3 2066 2067 2214
23927 7 6 2 3 2067 2068 2215
23928 7 6 2 3 2068 2069 2216
23929 7 6 2 3 2069 2070 2217
23930 7 6 2 3 2070 2071 2218
23931 7 6 2 3 2071 2072 2219
23932 7 6 2 3 2072 2073 2220
23933 7 6 2 3 2073 2074 2221
23934 7 6 2 3 2074 2075 2222
23935 7 6 2 3 2075 2076 2223
23936 7 6 2 3 2076 2077 2224
23937 7 6 2 3 2077 2078 2225
23938 7 6 2 3 2078 2079 2226
23939 7 6 2 3 2079 2080 2227
23940 7 6 2 3 2080 2081 2228
23941 7 6 2 3 2081 2082 2229
23942 7 6 2 3 2082 2083 2230
23943 7 6 2 3 2083 2084 2231
23944 7 6 2 3 2084 2085 2232
23945 7 6 2 3 2085 2086 2233
23946 7 6 2 3 2086 2087 2234
23947 7 6 2 3 2087 2088 2235
23948 7 6 2 3 2088 2089 2236
23949 7 6 2 3 2089 2090 2237
23950 7 6 2 3 2090 2091 2238
23951 7 6 2 3 2091 2092 2239
23952 7 6 2 3 2092 2093 2240
23953 7 6 2 3 2093 2094 2241
23954 7 6 2 3 2094 2095 2242
23955 7 6 2 3 2095 2096 2243
23956 7 6 2 3 2096 2097 2244
23957 7 6 2 3 2097 2098 2245
23958 7 6 2 3 2098 2099 2246
23959 7 6 2 3 2099 2100 2247
23960 7 6 2 3 2100 2101 2248
23961 7 6 2 3 2101 2102 2249
23962 7 6 2 3 2102 2103 2250
23963 7 6 2 3 2103 2104 2251
23964 7 6 2 3 2104 2105 2252
23965 7 6 2 3 2105 2106 2253
23966 7 6 2 3 2106 2107 2254
23967 7 6 2 3 2107 2108 2255
23968 7 6 2 3 2108 2109 2256
23969 7 6 2 3 2109 2110 2257
23970 7 6 2 3 2110 2111 2258
23971 7 6 2 3 2111 2112 2259
23972 7 6 2 3 2112 2113 2260
23973 7 6 2 3 2113 2114 2261
23974 7 6 2 3 2114 2115 2262
23975 7 6 2 3 2115 2116 2263
23976 7 6 2 3 2116 2117 2264
23977 7 6 2 3 2117 2118 2265
23978 7 6 2 3 2118 2119 2266
23979 7 6 2 3 2119 2120 2267
23980 7 6 2 3 2120 2121 2268
23981 7 6 2 3 2121 2122 2269
23982 7 6 2 3 2122 1 2270
