1 3 18 5 9 3456 191 192 3661 4170 217 4171 4172 4173
2 3 18 5 9 3464 3901 3274 3354 4174 4175 4176 4177 4178
3 3 18 5 9 3465 3902 3277 3355 4179 4180 4181 4182 4183
4 3 18 5 9 1353 1354 3413 3656 1427 4184 4185 4186 4187
5 3 18 5 9 851 3657 4052 850 4188 4189 4190 924 4191
6 3 18 5 9 3866 3775 3869 3254 4192 4193 4194 4195 4196
7 3 18 5 9 3899 3353 3874 3259 4197 4198 4199 4200 4201
8 3 18 5 9 3900 3356 3873 3265 4202 4203 4204 4205 4206
9 3 18 5 9 3503 3284 3662 4073 4207 4208 4209 4210 4211
10 3 18 5 9 3504 4074 3663 3285 4212 4213 4214 4215 4216
11 3 18 5 9 3349 3455 3897 4083 4217 4218 4219 4220 4221
12 3 18 5 9 3348 4082 3896 3454 4222 4223 4224 4225 4226
13 3 18 5 9 3666 204 205 3450 4227 230 4228 4229 4230
14 3 18 5 9 3665 3449 35 36 4231 4232 61 4233 4234
15 3 18 5 9 1299 3635 3577 1298 4235 4236 4237 1372 4238
16 3 18 5 9 877 878 3601 3637 951 4239 4240 4241 4242
17 3 18 5 9 3345 3509 3351 3888 4243 4244 4245 4246 4247
18 3 18 5 9 3321 3906 3351 3508 4248 4249 4250 4251 4252
19 3 18 5 9 4034 3357 3691 3488 4253 4254 4255 4256 4257
20 3 18 5 9 4035 3487 3692 3358 4258 4259 4260 4261 4262
21 3 18 5 9 3467 55 4 3703 4263 81 4264 4265 4266
22 3 18 5 9 3466 3702 5 185 4267 4268 210 4269 4270
23 3 18 5 9 3517 3290 3532 3716 4271 4272 4273 4274 4275
24 3 18 5 9 3520 3714 3538 3292 4276 4277 4278 4279 4280
25 3 18 5 9 3521 3712 3540 3294 4281 4282 4283 4284 4285
26 3 18 5 9 3529 3713 3515 3289 4286 4287 4288 4289 4290
27 3 18 5 9 3518 3293 3535 3719 4291 4292 4293 4294 4295
28 3 18 5 9 3527 3297 3526 3726 4296 4297 4298 4299 4300
29 3 18 5 9 3523 3291 3525 3731 4301 4302 4303 4304 4305
30 3 18 5 9 3528 3295 3530 3727 4306 4307 4308 4309 4310
31 3 18 5 9 3522 3733 3534 3300 4311 4312 4313 4314 4315
32 3 18 5 9 3543 3299 3519 3722 4316 4317 4318 4319 4320
33 3 18 5 9 3533 3301 3536 3734 4321 4322 4323 4324 4325
34 3 18 5 9 3524 3723 3548 3296 4326 4327 4328 4329 4330
35 3 18 5 9 3542 3736 3516 3302 4331 4332 4333 4334 4335
36 3 18 5 9 3541 3739 3514 3303 4336 4337 4338 4339 4340
37 3 18 5 9 3531 3304 3555 3748 4341 4342 4343 4344 4345
38 3 18 5 9 3547 3745 3565 3315 4346 4347 4348 4349 4350
39 3 18 5 9 3558 3753 3545 3305 4351 4352 4353 4354 4355
40 3 18 5 9 3539 3311 3562 3760 4356 4357 4358 4359 4360
41 3 18 5 9 3549 3743 3569 3314 4361 4362 4363 4364 4365
42 3 18 5 9 3559 3317 3550 3750 4366 4367 4368 4369 4370
43 3 18 5 9 3546 3307 3556 3754 4371 4372 4373 4374 4375
44 3 18 5 9 3560 3313 3568 3763 4376 4377 4378 4379 4380
45 3 18 5 9 3566 3316 3567 3764 4381 4382 4383 4384 4385
46 3 18 5 9 3564 3310 3552 3762 4386 4387 4388 4389 4390
47 3 18 5 9 3557 3308 3551 3761 4391 4392 4393 4394 4395
48 3 18 5 9 3553 3742 3544 3306 4396 4397 4398 4399 4400
49 3 18 5 9 3561 3309 3554 3765 4401 4402 4403 4404 4405
50 3 18 5 9 3537 3721 3512 3298 4406 4407 4408 4409 4410
51 3 18 5 9 3513 3708 3510 3288 4411 4412 4413 4414 4415
52 3 18 5 9 3957 3570 3766 3320 4416 4417 4418 4419 4420
53 3 18 5 9 3905 3320 3766 3506 4421 4418 4422 4423 4424
54 3 18 5 9 3572 3321 3508 3768 4425 4251 4426 4427 4428
55 3 18 5 9 3959 3322 3778 3571 4429 4430 4431 4432 4433
56 3 18 5 9 3974 3579 3778 3322 4434 4435 4430 4436 4437
57 3 18 5 9 3573 3780 3580 3323 4438 4439 4440 4441 4442
58 3 18 5 9 3576 3327 3587 3781 4443 4444 4445 4446 4447
59 3 18 5 9 3977 3324 3783 3578 4448 4449 4450 4451 4452
60 3 18 5 9 3979 3582 3783 3324 4453 4454 4449 4455 4456
61 3 18 5 9 3581 3784 3584 3325 4457 4458 4459 4460 4461
62 3 18 5 9 3583 3333 3594 3787 4462 4463 4464 4465 4466
63 3 18 5 9 3603 3791 3591 3330 4467 4468 4469 4470 4471
64 3 18 5 9 3590 3790 3596 3328 4472 4473 4474 4475 4476
65 3 18 5 9 3597 3329 3595 3789 4477 4478 4479 4480 4481
66 3 18 5 9 3589 3796 3607 3331 4482 4483 4484 4485 4486
67 3 18 5 9 3605 3793 3592 3332 4487 4488 4489 4490 4491
68 3 18 5 9 3598 3337 3602 3804 4492 4493 4494 4495 4496
69 3 18 5 9 4001 3600 3795 3334 4497 4498 4499 4500 4501
70 3 18 5 9 3599 3794 3588 3335 4502 4503 4504 4505 4506
71 3 18 5 9 3604 3336 3609 3807 4507 4508 4509 4510 4511
72 3 18 5 9 3985 3334 3795 3586 4512 4499 4513 4514 4515
73 3 18 5 9 3606 3809 3593 3338 4516 4517 4518 4519 4520
74 3 18 5 9 3610 3810 3608 3342 4521 4522 4523 4524 4525
75 3 18 5 9 3611 3343 3612 3811 4526 4527 4528 4529 4530
76 3 18 5 9 42 3436 3667 41 4531 4532 4533 67 4534
77 3 18 5 9 3287 3908 3359 3511 4535 4536 4537 4538 4539
78 3 18 5 9 3288 3510 3359 3907 4413 4540 4541 4542 4543
79 3 18 5 9 3288 3909 3360 3513 4544 4545 4546 4414 4547
80 3 18 5 9 3289 3515 3362 3915 4288 4548 4549 4550 4551
81 3 18 5 9 3290 3517 3361 3923 4271 4552 4553 4554 4555
82 3 18 5 9 3292 3914 3362 3520 4556 4557 4558 4279 4559
83 3 18 5 9 3299 3910 3361 3519 4560 4561 4562 4317 4563
84 3 18 5 9 3302 3516 3364 3917 4333 4564 4565 4566 4567
85 3 18 5 9 3293 3518 3363 3918 4291 4568 4569 4570 4571
86 3 18 5 9 3297 3911 3364 3526 4572 4573 4574 4297 4575
87 3 18 5 9 3303 3514 3367 3913 4338 4576 4577 4578 4579
88 3 18 5 9 3297 3527 3365 3924 4296 4580 4581 4582 4583
89 3 18 5 9 3291 3523 3368 3919 4301 4584 4585 4586 4587
90 3 18 5 9 3289 3920 3367 3529 4588 4589 4590 4289 4591
91 3 18 5 9 3292 3538 3369 3916 4278 4592 4593 4594 4595
92 3 18 5 9 3291 3926 3371 3525 4596 4597 4598 4302 4599
93 3 18 5 9 3290 3912 3368 3532 4600 4601 4602 4272 4603
94 3 18 5 9 3300 3534 3370 3929 4313 4604 4605 4606 4607
95 3 18 5 9 3301 3930 3370 3536 4608 4609 4610 4322 4611
96 3 18 5 9 3295 3925 3372 3530 4612 4613 4614 4307 4615
97 3 18 5 9 3294 3540 3371 3921 4283 4616 4617 4618 4619
98 3 18 5 9 3302 3931 3373 3542 4620 4621 4622 4334 4623
99 3 18 5 9 3299 3543 3372 3922 4316 4624 4625 4626 4627
100 3 18 5 9 3301 3533 3373 3928 4321 4628 4629 4630 4631
101 3 18 5 9 3298 3932 3377 3537 4632 4633 4634 4409 4635
102 3 18 5 9 3303 3933 3374 3541 4636 4637 4638 4339 4639
103 3 18 5 9 3296 3548 3377 3927 4328 4640 4641 4642 4643
104 3 18 5 9 3304 3531 3375 3946 4341 4644 4645 4646 4647
105 3 18 5 9 3305 3545 3376 3945 4353 4648 4649 4650 4651
106 3 18 5 9 3314 3944 3378 3549 4652 4653 4654 4364 4655
107 3 18 5 9 3307 3546 3378 3939 4371 4656 4657 4658 4659
108 3 18 5 9 3317 3934 3375 3550 4660 4661 4662 4367 4663
109 3 18 5 9 3310 3951 3379 3552 4664 4665 4666 4387 4667
110 3 18 5 9 3313 3560 3381 3950 4376 4668 4669 4670 4671
111 3 18 5 9 3308 3953 3380 3551 4672 4673 4674 4392 4675
112 3 18 5 9 3306 3544 3383 3942 4398 4676 4677 4678 4679
113 3 18 5 9 3317 3559 3379 3941 4366 4680 4681 4682 4683
114 3 18 5 9 3309 3952 3382 3554 4684 4685 4686 4402 4687
115 3 18 5 9 3316 3943 3384 3567 4688 4689 4690 4382 4691
116 3 18 5 9 3311 3949 3385 3562 4692 4693 4694 4357 4695
117 3 18 5 9 3316 3566 3382 3948 4381 4696 4697 4698 4699
118 3 18 5 9 3312 3563 3384 3947 4700 4701 4702 4703 4704
119 3 18 5 9 3307 3936 3381 3556 4705 4706 4707 4372 4708
120 3 18 5 9 3315 3565 3380 3935 4348 4709 4710 4711 4712
121 3 18 5 9 3306 3954 3386 3553 4713 4714 4715 4399 4716
122 3 18 5 9 3308 3557 3387 3938 4391 4717 4718 4719 4720
123 3 18 5 9 3304 3937 3387 3555 4721 4722 4723 4342 4724
124 3 18 5 9 3314 3569 3386 3940 4363 4725 4726 4727 4728
125 3 18 5 9 3321 3572 3389 3958 4425 4729 4730 4731 4732
126 3 18 5 9 3311 3539 3374 3961 4356 4733 4734 4735 4736
127 3 18 5 9 3294 3962 3363 3521 4737 4738 4739 4284 4740
128 3 18 5 9 3315 3963 3376 3547 4741 4742 4743 4349 4744
129 3 18 5 9 3300 3964 3366 3522 4745 4746 4747 4314 4748
130 3 18 5 9 3313 3967 3746 3568 4749 4750 4751 4377 4752
131 3 18 5 9 3296 3965 3365 3524 4753 4754 4755 4329 4756
132 3 18 5 9 3309 3561 3746 3967 4401 4757 4750 4758 4759
133 3 18 5 9 3295 3528 3366 3966 4306 4760 4761 4762 4763
134 3 18 5 9 3305 3968 3383 3558 4764 4765 4766 4354 4767
135 3 18 5 9 3293 3969 3369 3535 4768 4769 4770 4292 4771
136 3 18 5 9 3310 3564 3385 3970 4386 4772 4773 4774 4775
137 3 18 5 9 3298 3512 3360 3971 4408 4776 4777 4778 4779
138 3 18 5 9 3318 3955 3390 3574 4780 4781 4782 4783 4784
139 3 18 5 9 3319 3575 3391 3956 4785 4786 4787 4788 4789
140 3 18 5 9 3323 3960 3389 3573 4790 4791 4792 4441 4793
141 3 18 5 9 3327 3576 3390 3972 4443 4794 4795 4796 4797
142 3 18 5 9 3340 3973 3391 3577 4798 4799 4800 4801 4802
143 3 18 5 9 3323 3580 3393 3975 4440 4803 4804 4805 4806
144 3 18 5 9 3327 3976 3395 3587 4807 4808 4809 4444 4810
145 3 18 5 9 3325 3978 3393 3581 4811 4812 4813 4460 4814
146 3 18 5 9 3325 3584 3394 3980 4459 4815 4816 4817 4818
147 3 18 5 9 3326 3981 3394 3585 4819 4820 4821 4822 4823
148 3 18 5 9 3333 3583 3786 3982 4462 4824 4825 4826 4827
149 3 18 5 9 3333 3983 3401 3594 4828 4829 4830 4463 4831
150 3 18 5 9 3335 3588 3395 3984 4504 4832 4833 4834 4835
151 3 18 5 9 3331 3987 3396 3589 4836 4837 4838 4485 4839
152 3 18 5 9 3330 3591 3398 3989 4469 4840 4841 4842 4843
153 3 18 5 9 3328 3986 3398 3590 4844 4845 4846 4475 4847
154 3 18 5 9 3330 3988 3397 3603 4848 4849 4850 4470 4851
155 3 18 5 9 3332 3995 3399 3605 4852 4853 4854 4490 4855
156 3 18 5 9 3337 3598 3399 3994 4492 4856 4857 4858 4859
157 3 18 5 9 3328 3596 3401 3990 4474 4860 4861 4862 4863
158 3 18 5 9 3336 3604 3397 3991 4507 4864 4865 4866 4867
159 3 18 5 9 3332 3592 3400 3996 4489 4868 4869 4870 4871
160 3 18 5 9 3329 3992 3400 3595 4872 4873 4874 4478 4875
161 3 18 5 9 3337 3999 3404 3602 4876 4877 4878 4493 4879
162 3 18 5 9 3335 3998 3403 3599 4880 4881 4882 4505 4883
163 3 18 5 9 3329 3597 3403 3997 4477 4884 4885 4886 4887
164 3 18 5 9 3331 3607 3404 3993 4484 4888 4889 4890 4891
165 3 18 5 9 3338 3593 3405 4000 4518 4892 4893 4894 4895
166 3 18 5 9 3336 4003 3405 3609 4896 4897 4898 4508 4899
167 3 18 5 9 3338 4005 3406 3606 4900 4901 4902 4519 4903
168 3 18 5 9 3342 3608 3406 4004 4523 4904 4905 4906 4907
169 3 18 5 9 3342 4006 3407 3610 4908 4909 4910 4524 4911
170 3 18 5 9 3343 3611 3407 4007 4526 4912 4913 4914 4915
171 3 18 5 9 3343 4009 3408 3612 4916 4917 4918 4527 4919
172 3 18 5 9 3341 3613 3408 4008 4920 4921 4922 4923 4924
173 3 18 5 9 3887 3507 4010 3344 4925 4926 4927 4928 4929
174 3 18 5 9 4101 107 108 3447 4930 159 4931 4932 4933
175 3 18 5 9 4099 99 100 3445 4934 151 4935 4936 4937
176 3 18 5 9 4100 115 116 3446 4938 167 4939 4940 4941
177 3 18 5 9 4098 91 92 3443 4942 143 4943 4944 4945
178 3 18 5 9 3631 123 124 3444 4946 175 4947 4948 4949
179 3 18 5 9 4097 3441 88 89 4950 4951 140 4952 4953
180 3 18 5 9 3628 3442 128 129 4954 4955 180 4956 4957
181 3 18 5 9 4096 3439 96 97 4958 4959 148 4960 4961
182 3 18 5 9 3626 3440 120 121 4962 4963 172 4964 4965
183 3 18 5 9 4094 3437 104 105 4966 4967 156 4968 4969
184 3 18 5 9 4095 3438 112 113 4970 4971 164 4972 4973
185 3 18 5 9 4102 83 84 3448 4974 135 4975 4976 4977
186 3 18 5 9 3642 1004 1005 3505 4978 1150 4979 4980 4981
187 3 18 5 9 46 47 3668 3435 72 4982 4983 4984 4985
188 3 18 5 9 3451 3664 188 189 4986 4987 214 4988 4989
189 3 18 5 9 3495 1136 1137 4049 4990 1282 4991 4992 4993
190 3 18 5 9 3496 4050 995 996 4994 4995 1141 4996 4997
191 3 18 5 9 3271 3661 4145 3849 4998 4999 5000 5001 5002
192 3 18 5 9 3821 3219 3432 3616 5003 5004 5005 5006 5007
193 3 18 5 9 3261 3665 3469 3855 5008 5009 5010 5011 5012
194 3 18 5 9 3263 3856 3470 3666 5013 5014 5015 5016 5017
195 3 18 5 9 4023 1285 1286 4047 5018 1359 5019 5020 5021
196 3 18 5 9 4024 4048 918 919 5022 5023 992 5024 5025
197 3 18 5 9 3266 3858 3471 3667 5026 5027 5028 5029 5030
198 3 18 5 9 3276 3668 3472 3859 5031 5032 5033 5034 5035
199 3 18 5 9 3470 203 204 3666 5036 229 4227 5015 5037
200 3 18 5 9 3469 3665 36 37 5009 4233 62 5038 5039
201 3 18 5 9 3273 3670 3473 3860 5040 5041 5042 5043 5044
202 3 18 5 9 3639 3511 1127 1128 5045 5046 1273 5047 5048
203 3 18 5 9 3640 1295 1296 3575 5049 1369 5050 5051 5052
204 3 18 5 9 3641 3574 908 909 5053 5054 982 5055 5056
205 3 18 5 9 3636 3585 866 867 5057 5058 940 5059 5060
206 3 18 5 9 132 5 3617 3857 184 5061 5062 5063 5064
207 3 18 5 9 3235 3771 4123 3868 5065 5066 5067 5068 5069
208 3 18 5 9 3245 3772 4126 3872 5070 5071 5072 5073 5074
209 3 18 5 9 3462 3883 3815 3353 5075 5076 5077 5078 5079
210 3 18 5 9 3463 3884 3816 3356 5080 5081 5082 5083 5084
211 3 18 5 9 3464 3354 3814 3885 4177 5085 5086 5087 5088
212 3 18 5 9 3465 3355 3813 3886 4182 5089 5090 5091 5092
213 3 18 5 9 3273 3824 3434 3670 5093 5094 5095 5040 5096
214 3 18 5 9 3227 3819 3426 3676 5097 5098 5099 5100 5101
215 3 18 5 9 3264 3817 3425 3682 5102 5103 5104 5105 5106
216 3 18 5 9 4156 3681 3424 3818 5107 5108 5109 5110 5111
217 3 18 5 9 3471 40 41 3667 5112 66 4533 5028 5113
218 3 18 5 9 194 195 3670 3434 220 5114 5095 5115 5116
219 3 18 5 9 1009 3563 3312 3643 5117 4700 5118 5119 5120
220 3 18 5 9 3418 32 33 3694 5121 58 5122 5123 5124
221 3 18 5 9 3419 3695 207 208 5125 5126 233 5127 5128
222 3 18 5 9 3494 917 918 4048 5129 991 5023 5130 5131
223 3 18 5 9 3493 4047 1286 1287 5132 5019 1360 5133 5134
224 3 18 5 9 4002 3339 3637 3601 5135 5136 4240 5137 5138
225 3 18 5 9 1309 3613 3341 3638 5139 4920 5140 5141 5142
226 3 18 5 9 3472 3668 47 48 5032 4982 73 5143 5144
227 3 18 5 9 3312 3484 3257 3898 5145 5146 5147 5148 5149
228 3 18 5 9 3821 3486 3893 3219 5150 5151 5152 5003 5153
229 3 18 5 9 198 3433 3672 197 5154 5155 5156 223 5157
230 3 18 5 9 4034 3488 4091 3223 4256 5158 5159 5160 5161
231 3 18 5 9 4035 3225 4092 3487 5162 5163 5164 4258 5165
232 3 18 5 9 4024 994 995 4050 5166 1140 4995 5167 5168
233 3 18 5 9 4023 4049 1137 1138 5169 4991 1283 5170 5171
234 3 18 5 9 3290 3923 3237 3480 4554 5172 5173 5174 5175
235 3 18 5 9 3290 3480 3238 3912 5174 5176 5177 4600 5178
236 3 18 5 9 3289 3481 3243 3920 5179 5180 5181 4588 5182
237 3 18 5 9 3289 3915 3242 3481 4550 5183 5184 5179 5185
238 3 18 5 9 3302 3482 3233 3931 5186 5187 5188 4620 5189
239 3 18 5 9 3302 3917 3232 3482 4566 5190 5191 5186 5192
240 3 18 5 9 3314 3483 3252 3944 5193 5194 5195 4652 5196
241 3 18 5 9 3314 3940 3251 3483 4727 5197 5198 5193 5199
242 3 18 5 9 3312 3947 3256 3484 4703 5200 5201 5145 5202
243 3 18 5 9 3304 3485 3248 3937 5203 5204 5205 4721 5206
244 3 18 5 9 3304 3946 3247 3485 4646 5207 5208 5203 5209
245 3 18 5 9 3473 3670 195 196 5041 5114 221 5210 5211
246 3 18 5 9 3287 3486 3228 3908 5212 5213 5214 4535 5215
247 3 18 5 9 3511 3639 3453 3287 5045 5216 5217 4538 5218
248 3 18 5 9 3455 3349 3701 3881 4217 5219 5220 5221 5222
249 3 18 5 9 3454 3880 3700 3348 5223 5224 5225 4225 5226
250 3 18 5 9 3574 3641 3454 3318 5053 5227 5228 4783 5229
251 3 18 5 9 3575 3319 3455 3640 4785 5230 5231 5051 5232
252 3 18 5 9 3473 196 197 3672 5210 222 5156 5233 5234
253 3 18 5 9 3577 3635 3462 3340 4236 5235 5236 4801 5237
254 3 18 5 9 3585 3636 3463 3326 5057 5238 5239 4822 5240
255 3 18 5 9 3357 3685 4127 3499 5241 5242 5243 5244 5245
256 3 18 5 9 3358 3500 4128 3686 5246 5247 5248 5249 5250
257 3 18 5 9 33 34 3683 3457 59 5251 5252 5253 5254
258 3 18 5 9 207 3458 3684 206 5255 5256 5257 232 5258
259 3 18 5 9 3461 3352 3705 3882 5259 5260 5261 5262 5263
260 3 18 5 9 3478 4122 127 3652 5264 5265 5266 5267 5268
261 3 18 5 9 4077 3497 4040 3278 5269 5270 5271 5272 5273
262 3 18 5 9 4076 3279 4041 3498 5274 5275 5276 5277 5278
263 3 18 5 9 3472 48 49 3678 5143 74 5279 5280 5281
264 3 18 5 9 187 3427 3675 186 5282 5283 5284 212 5285
265 3 18 5 9 53 54 3676 3426 79 5286 5099 5287 5288
266 3 18 5 9 3699 3347 4151 3879 5289 5290 5291 5292 5293
267 3 18 5 9 4077 3415 4060 3497 5294 5295 5296 5269 5297
268 3 18 5 9 4076 3498 4059 3414 5277 5298 5299 5300 5301
269 3 18 5 9 189 190 3671 3451 215 5302 5303 4988 5304
270 3 18 5 9 3466 185 186 3675 4269 211 5284 5305 5306
271 3 18 5 9 3467 3676 54 55 5307 5286 80 4263 5308
272 3 18 5 9 4081 3502 4039 3282 5309 5310 5311 5312 5313
273 3 18 5 9 4080 3283 4038 3501 5314 5315 5316 5317 5318
274 3 18 5 9 3471 3679 39 40 5319 5320 65 5112 5321
275 3 18 5 9 3698 3878 4148 3346 5322 5323 5324 5325 5326
276 3 18 5 9 3616 3423 3703 4 5327 5328 4264 5329 5330
277 3 18 5 9 3617 5 3702 3422 5061 4268 5331 5332 5333
278 3 18 5 9 4161 3500 3358 3692 5334 5246 4260 5335 5336
279 3 18 5 9 4160 3691 3357 3499 5337 4254 5244 5338 5339
280 3 18 5 9 3685 3357 4034 3413 5241 4253 5340 5341 5342
281 3 18 5 9 3686 4052 4035 3358 5343 5344 4261 5249 5345
282 3 18 5 9 4040 3412 3875 3495 5346 5347 5348 5349 5350
283 3 18 5 9 4041 3496 3876 3411 5351 5352 5353 5354 5355
284 3 18 5 9 39 3424 3681 38 5356 5108 5357 64 5358
285 3 18 5 9 201 202 3682 3425 227 5359 5104 5360 5361
286 3 18 5 9 49 50 3621 3430 75 5362 5363 5364 5365
287 3 18 5 9 3469 37 38 3681 5038 63 5357 5366 5367
288 3 18 5 9 3470 3682 202 203 5368 5359 228 5036 5369
289 3 18 5 9 3468 3680 187 188 5370 5371 213 5372 5373
290 3 18 5 9 33 3457 4118 3694 5253 5374 5375 5122 5376
291 3 18 5 9 207 3695 4119 3458 5126 5377 5378 5255 5379
292 3 18 5 9 4168 3495 4049 3416 5380 4992 5381 5382 5383
293 3 18 5 9 4169 3417 4050 3496 5384 5385 4994 5386 5387
294 3 18 5 9 4038 3283 3894 3489 5315 5388 5389 5390 5391
295 3 18 5 9 4039 3490 3895 3282 5392 5393 5394 5311 5395
296 3 18 5 9 3444 4140 3252 3631 5396 5397 5398 4948 5399
297 3 18 5 9 3442 3628 3256 4138 4954 5400 5401 5402 5403
298 3 18 5 9 3440 3626 3251 4136 4962 5404 5405 5406 5407
299 3 18 5 9 4145 193 194 3677 5408 219 5409 5410 5411
300 3 18 5 9 3221 3702 3466 3851 5412 4267 5413 5414 5415
301 3 18 5 9 3222 3850 3467 3703 5416 5417 4265 5418 5419
302 3 18 5 9 3486 3821 82 3622 5150 5420 5421 5422 5423
303 3 18 5 9 1285 4023 1138 16 5018 5170 1284 1358 5424
304 3 18 5 9 919 15 994 4024 993 1139 5166 5024 5425
305 3 18 5 9 3435 3674 45 46 5426 5427 71 4984 5428
306 3 18 5 9 3449 3683 34 35 5429 5251 60 4232 5430
307 3 18 5 9 3450 205 206 3684 4228 231 5257 5431 5432
308 3 18 5 9 3436 42 43 3673 4531 68 5433 5434 5435
309 3 18 5 9 1291 3502 4081 1290 5436 5309 5437 1364 5438
310 3 18 5 9 913 914 4080 3501 987 5439 5317 5440 5441
311 3 18 5 9 3456 3671 190 191 5442 5302 216 4170 5443
312 3 18 5 9 3669 3265 3873 3492 5444 4204 5445 5446 5447
313 3 18 5 9 3615 3259 3874 3491 5448 4199 5449 5450 5451
314 3 18 5 9 1000 3503 4073 999 5452 4210 5453 1145 5454
315 3 18 5 9 1132 1133 4074 3504 1278 5455 4212 5456 5457
316 3 18 5 9 3421 3621 50 51 5458 5362 76 5459 5460
317 3 18 5 9 3887 3344 3825 3696 4928 5461 5462 5463 5464
318 3 18 5 9 3888 3697 3826 3345 5465 5466 5467 4246 5468
319 3 18 5 9 3874 3281 4075 3491 5469 5470 5471 5449 5472
320 3 18 5 9 3873 3280 4072 3492 5473 5474 5475 5445 5476
321 3 18 5 9 4041 3279 4169 3496 5275 5477 5386 5351 5478
322 3 18 5 9 4040 3495 4168 3278 5349 5380 5479 5271 5480
323 3 18 5 9 3420 3620 198 199 5481 5482 224 5483 5484
324 3 18 5 9 3425 3669 200 201 5485 5486 226 5360 5487
325 3 18 5 9 188 3664 4158 3468 4987 5488 5489 5372 5490
326 3 18 5 9 3479 3655 84 85 5491 5492 136 5493 5494
327 3 18 5 9 3438 3654 111 112 5495 5496 163 4971 5497
328 3 18 5 9 3437 3647 103 104 5498 5499 155 4967 5500
329 3 18 5 9 3440 3653 119 120 5501 5502 171 4963 5503
330 3 18 5 9 3439 3648 95 96 5504 5505 147 4959 5506
331 3 18 5 9 3442 3652 127 128 5507 5266 179 4955 5508
332 3 18 5 9 3441 3646 87 88 5509 5510 139 4951 5511
333 3 18 5 9 3444 124 125 3651 4947 176 5512 5513 5514
334 3 18 5 9 3476 3645 92 93 5515 5516 144 5517 5518
335 3 18 5 9 3477 3650 116 117 5519 5520 168 5521 5522
336 3 18 5 9 3475 3649 108 109 5523 5524 160 5525 5526
337 3 18 5 9 3474 3644 100 101 5527 5528 152 5529 5530
338 3 18 5 9 3486 3287 3453 3893 5212 5217 5531 5151 5532
339 3 18 5 9 3426 3615 52 53 5533 5534 78 5287 5535
340 3 18 5 9 852 853 3704 3509 926 5536 5537 5538 5539
341 3 18 5 9 3505 4061 3286 3642 5540 5541 5542 4980 5543
342 3 18 5 9 1351 1352 4010 3507 1425 5544 4926 5545 5546
343 3 18 5 9 3345 4011 852 3509 5547 5548 5538 4243 5549
344 3 18 5 9 3492 4044 200 3669 5550 5551 5486 5446 5552
345 3 18 5 9 3230 3773 4121 4105 5553 5554 5555 5556 5557
346 3 18 5 9 3250 3774 4124 4107 5558 5559 5560 5561 5562
347 3 18 5 9 3240 3770 4125 4103 5563 5564 5565 5566 5567
348 3 18 5 9 1349 1350 3706 3506 1423 5568 5569 5570 5571
349 3 18 5 9 3643 3312 3898 3461 5118 5148 5572 5573 5574
350 3 18 5 9 854 855 3768 3508 928 5575 4426 5576 5577
351 3 18 5 9 3353 3899 3340 3462 4197 5578 5236 5078 5579
352 3 18 5 9 3356 3900 3326 3463 4202 5580 5239 5083 5581
353 3 18 5 9 3637 3339 3901 3464 5136 5582 4174 5583 5584
354 3 18 5 9 3638 3341 3902 3465 5140 5585 4179 5586 5587
355 3 18 5 9 3326 3900 3265 3817 5580 4205 5588 5589 5590
356 3 18 5 9 1125 1126 3707 3510 1271 5591 5592 5593 5594
357 3 18 5 9 1123 1124 3708 3513 1269 5595 4411 5596 5597
358 3 18 5 9 1121 1122 3709 3512 1267 5598 5599 5600 5601
359 3 18 5 9 1065 1066 3710 3514 1211 5602 5603 5604 5605
360 3 18 5 9 1077 1078 3718 3518 1223 5606 5607 5608 5609
361 3 18 5 9 1089 1090 3717 3517 1235 5610 5611 5612 5613
362 3 18 5 9 1069 1070 3724 3515 1215 5614 5615 5616 5617
363 3 18 5 9 1067 1068 3713 3529 1213 5618 4286 5619 5620
364 3 18 5 9 1109 1110 3720 3516 1255 5621 5622 5623 5624
365 3 18 5 9 1079 1080 3712 3521 1225 5625 4281 5626 5627
366 3 18 5 9 1085 1086 3715 3523 1231 5628 5629 5630 5631
367 3 18 5 9 1113 1114 3732 3527 1259 5632 5633 5634 5635
368 3 18 5 9 1099 1100 3733 3522 1245 5636 4311 5637 5638
369 3 18 5 9 1087 1088 3716 3532 1233 5639 4273 5640 5641
370 3 18 5 9 1071 1072 3714 3520 1217 5642 4276 5643 5644
371 3 18 5 9 1083 1084 3731 3525 1229 5645 4303 5646 5647
372 3 18 5 9 1075 1076 3719 3535 1221 5648 4293 5649 5650
373 3 18 5 9 1115 1116 3723 3524 1261 5651 4326 5652 5653
374 3 18 5 9 1119 1120 3721 3537 1265 5654 4406 5655 5656
375 3 18 5 9 1111 1112 3726 3526 1257 5657 4298 5658 5659
376 3 18 5 9 1091 1092 3722 3519 1237 5660 4318 5661 5662
377 3 18 5 9 1097 1098 3728 3528 1243 5663 5664 5665 5666
378 3 18 5 9 1095 1096 3727 3530 1241 5667 4308 5668 5669
379 3 18 5 9 1105 1106 3737 3533 1251 5670 5671 5672 5673
380 3 18 5 9 1081 1082 3711 3540 1227 5674 5675 5676 5677
381 3 18 5 9 1101 1102 3735 3534 1247 5678 5679 5680 5681
382 3 18 5 9 1073 1074 3730 3538 1219 5682 5683 5684 5685
383 3 18 5 9 1093 1094 3725 3543 1239 5686 5687 5688 5689
384 3 18 5 9 1103 1104 3734 3536 1249 5690 4323 5691 5692
385 3 18 5 9 1107 1108 3736 3542 1253 5693 4331 5694 5695
386 3 18 5 9 1117 1118 3729 3548 1263 5696 5697 5698 5699
387 3 18 5 9 1063 1064 3739 3541 1209 5700 4336 5701 5702
388 3 18 5 9 1061 1062 3741 3539 1207 5703 5704 5705 5706
389 3 18 5 9 1047 1048 3748 3555 1193 5707 4343 5708 5709
390 3 18 5 9 1033 1034 3738 3544 1179 5710 5711 5712 5713
391 3 18 5 9 1049 1050 3747 3531 1195 5714 5715 5716 5717
392 3 18 5 9 1025 1026 3759 3546 1171 5718 5719 5720 5721
393 3 18 5 9 1037 1038 3749 3545 1183 5722 5723 5724 5725
394 3 18 5 9 1035 1036 3753 3558 1181 5726 4351 5727 5728
395 3 18 5 9 1031 1032 3742 3553 1177 5729 4396 5730 5731
396 3 18 5 9 1039 1040 3745 3547 1185 5732 4346 5733 5734
397 3 18 5 9 1027 1028 3743 3549 1173 5735 4361 5736 5737
398 3 18 5 9 1041 1042 3756 3565 1187 5738 5739 5740 5741
399 3 18 5 9 1051 1052 3750 3550 1197 5742 4368 5743 5744
400 3 18 5 9 1009 1010 3755 3563 1155 5745 5746 5117 5747
401 3 18 5 9 1045 1046 3740 3557 1191 5748 5749 5750 5751
402 3 18 5 9 1017 1018 3746 3561 1163 5752 4757 5753 5754
403 3 18 5 9 1043 1044 3761 3551 1189 5755 4393 5756 5757
404 3 18 5 9 1055 1056 3762 3552 1201 5758 4388 5759 5760
405 3 18 5 9 1053 1054 3752 3559 1199 5761 5762 5763 5764
406 3 18 5 9 1013 1014 3744 3566 1159 5765 5766 5767 5768
407 3 18 5 9 1019 1020 3763 3568 1165 5769 4378 5770 5771
408 3 18 5 9 1059 1060 3760 3562 1205 5772 4358 5773 5774
409 3 18 5 9 1057 1058 3757 3564 1203 5775 5776 5777 5778
410 3 18 5 9 1023 1024 3754 3556 1169 5779 4373 5780 5781
411 3 18 5 9 1021 1022 3758 3560 1167 5782 5783 5784 5785
412 3 18 5 9 1029 1030 3751 3569 1175 5786 5787 5788 5789
413 3 18 5 9 1011 1012 3764 3567 1157 5790 4383 5791 5792
414 3 18 5 9 1015 1016 3765 3554 1161 5793 4403 5794 5795
415 3 18 5 9 3340 3899 3259 3819 5578 4200 5796 5797 5798
416 3 18 5 9 1347 1348 3766 3570 1421 5799 4417 5800 5801
417 3 18 5 9 856 857 3767 3572 930 5802 5803 5804 5805
418 3 18 5 9 1345 1346 3776 3571 1419 5806 5807 5808 5809
419 3 18 5 9 858 859 3780 3573 932 5810 4438 5811 5812
420 3 18 5 9 906 907 3769 3576 980 5813 5814 5815 5816
421 3 18 5 9 1298 3577 3777 1297 4237 5817 5818 1371 5819
422 3 18 5 9 1343 1344 3778 3579 1417 5820 4435 5821 5822
423 3 18 5 9 904 905 3781 3587 978 5823 4445 5824 5825
424 3 18 5 9 860 861 3779 3580 934 5826 5827 5828 5829
425 3 18 5 9 1341 1342 3782 3578 1415 5830 5831 5832 5833
426 3 18 5 9 862 863 3784 3581 936 5834 4457 5835 5836
427 3 18 5 9 902 903 3792 3588 976 5837 5838 5839 5840
428 3 18 5 9 1339 1340 3783 3582 1413 5841 4454 5842 5843
429 3 18 5 9 864 865 3785 3584 938 5844 5845 5846 5847
430 3 18 5 9 1337 1338 3786 3583 1411 5848 4824 5849 5850
431 3 18 5 9 1335 1336 3787 3594 1409 5851 4464 5852 5853
432 3 18 5 9 1333 1334 3788 3596 1407 5854 5855 5856 5857
433 3 18 5 9 882 883 3396 3586 956 5858 5859 5860 5861
434 3 18 5 9 1331 1332 3790 3590 1405 5862 4472 5863 5864
435 3 18 5 9 896 897 3789 3595 970 5865 4479 5866 5867
436 3 18 5 9 1329 1330 3799 3591 1403 5868 5869 5870 5871
437 3 18 5 9 894 895 3801 3592 968 5872 5873 5874 5875
438 3 18 5 9 884 885 3796 3589 958 5876 4482 5877 5878
439 3 18 5 9 898 899 3802 3597 972 5879 5880 5881 5882
440 3 18 5 9 880 881 3795 3600 954 5883 4498 5884 5885
441 3 18 5 9 890 891 3798 3598 964 5886 5887 5888 5889
442 3 18 5 9 900 901 3794 3599 974 5890 4502 5891 5892
443 3 18 5 9 1327 1328 3791 3603 1401 5893 4467 5894 5895
444 3 18 5 9 1321 1322 3800 3593 1395 5896 5897 5898 5899
445 3 18 5 9 1325 1326 3797 3604 1399 5900 5901 5902 5903
446 3 18 5 9 888 889 3804 3602 962 5904 4494 5905 5906
447 3 18 5 9 878 879 3805 3601 952 5907 5908 4239 5909
448 3 18 5 9 886 887 3803 3607 960 5910 5911 5912 5913
449 3 18 5 9 892 893 3793 3605 966 5914 4487 5915 5916
450 3 18 5 9 1323 1324 3807 3609 1397 5917 4509 5918 5919
451 3 18 5 9 1317 1318 3806 3608 1391 5920 5921 5922 5923
452 3 18 5 9 1319 1320 3809 3606 1393 5924 4516 5925 5926
453 3 18 5 9 1313 1314 3808 3611 1387 5927 5928 5929 5930
454 3 18 5 9 1315 1316 3810 3610 1389 5931 4521 5932 5933
455 3 18 5 9 1311 1312 3811 3612 1385 5934 4528 5935 5936
456 3 18 5 9 1309 1310 3812 3613 1383 5937 5938 5139 5939
457 3 18 5 9 4102 3622 82 83 5940 5421 134 4974 5941
458 3 18 5 9 3491 4036 52 3615 5942 5943 5534 5450 5944
459 3 18 5 9 22 3691 4160 21 5945 5337 5946 27 5947
460 3 18 5 9 238 239 4161 3692 244 5948 5335 5949 5950
461 3 18 5 9 3674 3460 4090 45 5951 5952 5953 5427 5954
462 3 18 5 9 3217 3618 4040 3497 5955 5956 5270 5957 5958
463 3 18 5 9 3218 3498 4041 3619 5959 5276 5960 5961 5962
464 3 18 5 9 3673 43 4093 3459 5433 5963 5964 5965 5966
465 3 18 5 9 4061 3352 4116 3614 5967 5968 5969 5970 5971
466 3 18 5 9 31 4031 24 3 5972 5973 30 56 5974
467 3 18 5 9 209 6 236 4032 235 241 5975 5976 5977
468 3 18 5 9 3877 3286 4061 3614 5978 5541 5970 5979 5980
469 3 18 5 9 3651 125 4088 4110 5512 5981 5982 5983 5984
470 3 18 5 9 3341 4008 4117 3822 4923 5985 5986 5987 5988
471 3 18 5 9 3285 3412 4040 3618 5989 5346 5956 5990 5991
472 3 18 5 9 3284 3619 4041 3411 5992 5960 5354 5993 5994
473 3 18 5 9 4012 3280 4013 3428 5995 5996 5997 5998 5999
474 3 18 5 9 4014 3281 4015 3429 6000 6001 6002 6003 6004
475 3 18 5 9 3274 4129 4012 3354 6005 6006 6007 4176 6008
476 3 18 5 9 3277 3693 4014 3355 6009 6010 6011 4181 6012
477 3 18 5 9 3504 3699 1131 1132 6013 6014 1277 5456 6015
478 3 18 5 9 3503 1000 1001 3698 5452 1146 6016 6017 6018
479 3 18 5 9 3501 3700 912 913 6019 6020 986 5440 6021
480 3 18 5 9 3502 1291 1292 3701 5436 1365 6022 6023 6024
481 3 18 5 9 4080 3659 4059 3283 6025 6026 6027 5314 6028
482 3 18 5 9 4081 3282 4060 3658 5312 6029 6030 6031 6032
483 3 18 5 9 3338 3848 3460 4005 6033 6034 6035 4900 6036
484 3 18 5 9 3505 1005 1006 3705 4979 1151 6037 6038 6039
485 3 18 5 9 3508 3704 853 854 6040 5536 927 5576 6041
486 3 18 5 9 3507 3706 1350 1351 6042 5568 1424 5545 6043
487 3 18 5 9 3925 3295 3868 4104 4612 6044 6045 6046 6047
488 3 18 5 9 3949 3311 3862 4112 4692 6048 6049 6050 6051
489 3 18 5 9 3932 3298 3861 4113 4632 6052 6053 6054 6055
490 3 18 5 9 3952 3309 3869 3478 4684 6056 6057 6058 6059
491 3 18 5 9 3951 3310 3872 4106 4664 6060 6061 6062 6063
492 3 18 5 9 3950 4110 3866 3313 6064 6065 6066 4670 6067
493 3 18 5 9 3493 3890 3415 4077 6068 6069 5294 6070 6071
494 3 18 5 9 3494 4076 3414 3889 6072 5300 6073 6074 6075
495 3 18 5 9 3955 3318 3851 4146 4780 6076 6077 6078 6079
496 3 18 5 9 3956 4147 3850 3319 6080 6081 6082 4788 6083
497 3 18 5 9 3497 4060 3282 3895 5296 6029 5394 6084 6085
498 3 18 5 9 3498 3894 3283 4059 6086 5388 6027 5298 6087
499 3 18 5 9 3511 3707 1126 1127 6088 5591 1272 5046 6089
500 3 18 5 9 3510 3708 1124 1125 4412 5595 1270 5593 6090
501 3 18 5 9 3513 3709 1122 1123 6091 5598 1268 5596 6092
502 3 18 5 9 3529 3710 1066 1067 6093 5602 1212 5619 6094
503 3 18 5 9 3525 3711 1082 1083 6095 5674 1228 5646 6096
504 3 18 5 9 3515 3713 1068 1069 4287 5618 1214 5616 6097
505 3 18 5 9 3517 3716 1088 1089 4274 5639 1234 5612 6098
506 3 18 5 9 3540 3712 1080 1081 4282 5625 1226 5676 6099
507 3 18 5 9 3538 3714 1072 1073 4277 5642 1218 5684 6100
508 3 18 5 9 3532 3715 1086 1087 6101 5628 1232 5640 6102
509 3 18 5 9 3519 3717 1090 1091 6103 5610 1236 5661 6104
510 3 18 5 9 3526 3720 1110 1111 6105 5621 1256 5658 6106
511 3 18 5 9 3520 3724 1070 1071 6107 5614 1216 5643 6108
512 3 18 5 9 3530 3725 1094 1095 6109 5686 1240 5668 6110
513 3 18 5 9 3512 3721 1120 1121 4407 5654 1266 5600 6111
514 3 18 5 9 3548 3723 1116 1117 4327 5651 1262 5698 6112
515 3 18 5 9 3521 3718 1078 1079 6113 5606 1224 5626 6114
516 3 18 5 9 3534 3733 1100 1101 4312 5636 1246 5680 6115
517 3 18 5 9 3518 3719 1076 1077 4294 5648 1222 5608 6116
518 3 18 5 9 3543 3722 1092 1093 4319 5660 1238 5688 6117
519 3 18 5 9 3537 3729 1118 1119 6118 5696 1264 5655 6119
520 3 18 5 9 3527 3726 1112 1113 4299 5657 1258 5634 6120
521 3 18 5 9 3535 3730 1074 1075 6121 5682 1220 5649 6122
522 3 18 5 9 3528 3727 1096 1097 4309 5667 1242 5665 6123
523 3 18 5 9 3523 3731 1084 1085 4304 5645 1230 5630 6124
524 3 18 5 9 3558 3738 1034 1035 6125 5710 1180 5727 6126
525 3 18 5 9 3522 3728 1098 1099 6127 5663 1244 5637 6128
526 3 18 5 9 3555 3740 1046 1047 6129 5748 1192 5708 6130
527 3 18 5 9 3516 3736 1108 1109 4332 5693 1254 5623 6131
528 3 18 5 9 3533 3734 1104 1105 4324 5690 1250 5672 6132
529 3 18 5 9 3524 3732 1114 1115 6133 5632 1260 5652 6134
530 3 18 5 9 3536 3735 1102 1103 6135 5678 1248 5691 6136
531 3 18 5 9 3514 3739 1064 1065 4337 5700 1210 5604 6137
532 3 18 5 9 3554 3744 1014 1015 6138 5765 1160 5794 6139
533 3 18 5 9 3542 3737 1106 1107 6140 5670 1252 5694 6141
534 3 18 5 9 3565 3745 1040 1041 4347 5732 1186 5740 6142
535 3 18 5 9 3569 3743 1028 1029 4362 5735 1174 5788 6143
536 3 18 5 9 3541 3741 1062 1063 6144 5703 1208 5701 6145
537 3 18 5 9 3552 3752 1054 1055 6146 5761 1200 5759 6147
538 3 18 5 9 3553 3751 1030 1031 6148 5786 1176 5730 6149
539 3 18 5 9 3546 3754 1024 1025 4374 5779 1170 5720 6150
540 3 18 5 9 3559 3750 1052 1053 4369 5742 1198 5763 6151
541 3 18 5 9 3545 3753 1036 1037 4352 5726 1182 5724 6152
542 3 18 5 9 3544 3742 1032 1033 4397 5729 1178 5712 6153
543 3 18 5 9 3567 3755 1010 1011 6154 5745 1156 5791 6155
544 3 18 5 9 3547 3749 1038 1039 6156 5722 1184 5733 6157
545 3 18 5 9 3551 3756 1042 1043 6158 5738 1188 5756 6159
546 3 18 5 9 3531 3748 1048 1049 4344 5707 1194 5716 6160
547 3 18 5 9 3562 3757 1058 1059 6161 5775 1204 5773 6162
548 3 18 5 9 3550 3747 1050 1051 6163 5714 1196 5743 6164
549 3 18 5 9 3568 3746 1018 1019 4751 5752 1164 5770 6165
550 3 18 5 9 3564 3762 1056 1057 4389 5758 1202 5777 6166
551 3 18 5 9 3539 3760 1060 1061 4359 5772 1206 5705 6167
552 3 18 5 9 3557 3761 1044 1045 4394 5755 1190 5750 6168
553 3 18 5 9 3549 3759 1026 1027 6169 5718 1172 5736 6170
554 3 18 5 9 3556 3758 1022 1023 6171 5782 1168 5780 6172
555 3 18 5 9 3560 3763 1020 1021 4379 5769 1166 5784 6173
556 3 18 5 9 3561 3765 1016 1017 4404 5793 1162 5753 6174
557 3 18 5 9 3566 3764 1012 1013 4384 5790 1158 5767 6175
558 3 18 5 9 3506 3766 1348 1349 4422 5799 1422 5570 6176
559 3 18 5 9 3572 3768 855 856 4427 5575 929 5804 6177
560 3 18 5 9 3573 3767 857 858 6178 5802 931 5811 6179
561 3 18 5 9 3570 3776 1346 1347 6180 5806 1420 5800 6181
562 3 18 5 9 3574 3769 907 908 6182 5813 981 5054 6183
563 3 18 5 9 3575 1296 1297 3777 5050 1370 5818 6184 6185
564 3 18 5 9 3571 3778 1344 1345 4431 5820 1418 5808 6186
565 3 18 5 9 3580 3780 859 860 4439 5810 933 5828 6187
566 3 18 5 9 3576 3781 905 906 4446 5823 979 5815 6188
567 3 18 5 9 3581 3779 861 862 6189 5826 935 5835 6190
568 3 18 5 9 3579 3782 1342 1343 6191 5830 1416 5821 6192
569 3 18 5 9 3587 3792 903 904 6193 5837 977 5824 6194
570 3 18 5 9 3578 3783 1340 1341 4450 5841 1414 5832 6195
571 3 18 5 9 3584 3784 863 864 4458 5834 937 5846 6196
572 3 18 5 9 3585 3785 865 866 6197 5844 939 5058 6198
573 3 18 5 9 3582 3786 1338 1339 6199 5848 1412 5842 6200
574 3 18 5 9 3583 3787 1336 1337 4465 5851 1410 5849 6201
575 3 18 5 9 3594 3788 1334 1335 6202 5854 1408 5852 6203
576 3 18 5 9 3589 3396 883 884 4838 5858 957 5877 6204
577 3 18 5 9 3591 3791 1328 1329 4468 5893 1402 5870 6205
578 3 18 5 9 3592 3793 893 894 4488 5914 967 5874 6206
579 3 18 5 9 3588 3794 901 902 4503 5890 975 5839 6207
580 3 18 5 9 3596 3790 1332 1333 4473 5862 1406 5856 6208
581 3 18 5 9 3590 3799 1330 1331 6209 5868 1404 5863 6210
582 3 18 5 9 3595 3801 895 896 6211 5872 969 5866 6212
583 3 18 5 9 3599 3802 899 900 6213 5879 973 5891 6214
584 3 18 5 9 3597 3789 897 898 4480 5865 971 5881 6215
585 3 18 5 9 3602 3803 887 888 6216 5910 961 5905 6217
586 3 18 5 9 3598 3804 889 890 4495 5904 963 5888 6218
587 3 18 5 9 3607 3796 885 886 4483 5876 959 5912 6219
588 3 18 5 9 3603 3797 1326 1327 6220 5900 1400 5894 6221
589 3 18 5 9 3586 3795 881 882 4513 5883 955 5860 6222
590 3 18 5 9 3606 3806 1318 1319 6223 5920 1392 5925 6224
591 3 18 5 9 3611 3811 1312 1313 4529 5934 1386 5929 6225
592 3 18 5 9 3605 3798 891 892 6226 5886 965 5915 6227
593 3 18 5 9 3600 3805 879 880 6228 5907 953 5884 6229
594 3 18 5 9 3609 3800 1322 1323 6230 5896 1396 5918 6231
595 3 18 5 9 3604 3807 1324 1325 4510 5917 1398 5902 6232
596 3 18 5 9 3593 3809 1320 1321 4517 5924 1394 5898 6233
597 3 18 5 9 3612 3812 1310 1311 6234 5937 1384 5935 6235
598 3 18 5 9 3610 3808 1314 1315 6236 5927 1388 5932 6237
599 3 18 5 9 3608 3810 1316 1317 4522 5931 1390 5922 6238
600 3 18 5 9 4001 3334 3860 4152 4500 6239 6240 6241 6242
601 3 18 5 9 4009 3343 3859 4154 4916 6243 6244 6245 6246
602 3 18 5 9 3990 4155 3858 3328 6247 6248 6249 4862 6250
603 3 18 5 9 3979 3324 3855 4156 4455 6251 6252 6253 6254
604 3 18 5 9 3980 4157 3856 3325 6255 6256 6257 4817 6258
605 3 18 5 9 3998 3335 3854 4158 4880 6259 6260 6261 6262
606 3 18 5 9 3999 3337 3849 4165 4876 6263 6264 6265 6266
607 3 18 5 9 3486 3622 4102 3228 5422 5940 6267 5213 6268
608 3 18 5 9 105 3623 3242 4094 6269 6270 6271 4968 6272
609 3 18 5 9 113 3624 3247 4095 6273 6274 6275 4972 6276
610 3 18 5 9 97 3625 3237 4096 6277 6278 6279 4960 6280
611 3 18 5 9 89 3627 3232 4097 6281 6282 6283 4952 6284
612 3 18 5 9 91 4098 3233 3630 4942 6285 6286 6287 6288
613 3 18 5 9 99 4099 3238 3632 4934 6289 6290 6291 6292
614 3 18 5 9 115 4100 3248 3633 4938 6293 6294 6295 6296
615 3 18 5 9 107 4101 3243 3634 4930 6297 6298 6299 6300
616 3 18 5 9 3815 3690 4015 3353 6301 6302 6303 5077 6304
617 3 18 5 9 3814 3354 4012 3689 5085 6007 6305 6306 6307
618 3 18 5 9 3813 3355 4014 3687 5089 6011 6308 6309 6310
619 3 18 5 9 3816 3688 4013 3356 6311 6312 6313 5082 6314
620 3 18 5 9 3616 4 82 3821 5329 133 5420 5006 6315
621 3 18 5 9 3658 1289 1290 4081 6316 1363 5437 6031 6317
622 3 18 5 9 3659 4080 914 915 6025 5439 988 6318 6319
623 3 18 5 9 3662 998 999 4073 6320 1144 5453 4209 6321
624 3 18 5 9 3663 4074 1133 1134 4213 5455 1279 6322 6323
625 3 18 5 9 3432 4030 3423 3616 6324 6325 5327 5005 6326
626 3 18 5 9 3431 3617 3422 4029 6327 5332 6328 6329 6330
627 3 18 5 9 867 868 4026 3636 941 6331 6332 5059 6333
628 3 18 5 9 1309 3638 4028 1308 5141 6334 6335 1382 6336
629 3 18 5 9 3431 3220 3857 3617 6337 6338 5062 6327 6339
630 3 18 5 9 1355 1356 4127 3685 1429 6340 5242 6341 6342
631 3 18 5 9 849 3686 4128 848 6343 5248 6344 922 6345
632 3 18 5 9 1128 1129 4016 3639 1274 6346 6347 5047 6348
633 3 18 5 9 1295 3640 4021 1294 5049 6349 6350 1368 6351
634 3 18 5 9 909 910 4020 3641 983 6352 6353 5055 6354
635 3 18 5 9 3582 3979 3982 3786 4453 6355 4825 6199 6356
636 3 18 5 9 3586 3396 3987 3985 5859 4837 6357 4514 6358
637 3 18 5 9 3614 3257 3629 4033 6359 6360 6361 6362 6363
638 3 18 5 9 1004 3642 4017 1003 4978 6364 6365 1149 6366
639 3 18 5 9 1009 3643 4022 1008 5119 6367 6368 1154 6369
640 3 18 5 9 4109 3239 4139 3644 6370 6371 6372 6373 6374
641 3 18 5 9 3862 3244 4141 3649 6375 6376 6377 6378 6379
642 3 18 5 9 4108 3234 4137 3645 6380 6381 6382 6383 6384
643 3 18 5 9 4111 3249 4142 3650 6385 6386 6387 6388 6389
644 3 18 5 9 3861 3229 4143 3655 6390 6391 6392 6393 6394
645 3 18 5 9 3420 199 200 4044 5483 225 5551 6395 6396
646 3 18 5 9 3848 3268 4162 3660 6397 6398 6399 6400 6401
647 3 18 5 9 1357 2 20 4078 1431 25 6402 6403 6404
648 3 18 5 9 847 4079 240 7 6405 6406 246 920 6407
649 3 18 5 9 3352 3461 3898 4116 5259 5572 6408 5968 6409
650 3 18 5 9 3877 3614 4033 4037 5979 6362 6410 6411 6412
651 3 18 5 9 4048 4024 4050 3417 5022 5167 5385 6413 6414
652 3 18 5 9 4047 3416 4049 4023 6415 5381 5169 5020 6416
653 3 18 5 9 107 3634 4067 106 6299 6417 6418 158 6419
654 3 18 5 9 115 3633 4071 114 6295 6420 6421 166 6422
655 3 18 5 9 99 3632 4066 98 6291 6423 6424 150 6425
656 3 18 5 9 123 3631 4069 122 4946 6426 6427 174 6428
657 3 18 5 9 91 3630 4068 90 6287 6429 6430 142 6431
658 3 18 5 9 131 3629 4070 130 6432 6433 6434 182 6435
659 3 18 5 9 129 130 4070 3628 181 6434 6436 4956 6437
660 3 18 5 9 89 90 4068 3627 141 6430 6438 6281 6439
661 3 18 5 9 121 122 4069 3626 173 6427 6440 4964 6441
662 3 18 5 9 97 98 4066 3625 149 6424 6442 6277 6443
663 3 18 5 9 113 114 4071 3624 165 6421 6444 6273 6445
664 3 18 5 9 105 106 4067 3623 157 6418 6446 6269 6447
665 3 18 5 9 3348 4038 3489 4082 6448 5390 6449 4222 6450
666 3 18 5 9 3349 4083 3490 4039 4220 6451 5392 6452 6453
667 3 18 5 9 3421 51 52 4036 5459 77 5943 6454 6455
668 3 18 5 9 4120 3620 4129 3274 6456 6457 6005 6458 6459
669 3 18 5 9 1306 3813 3687 1305 6460 6309 6461 1379 6462
670 3 18 5 9 873 874 3814 3689 947 6463 6306 6464 6465
671 3 18 5 9 870 871 3688 3816 944 6466 6311 6467 6468
672 3 18 5 9 1303 3690 3815 1302 6469 6301 6470 1376 6471
673 3 18 5 9 3891 3503 3698 3346 6472 6017 5325 6473 6474
674 3 18 5 9 3892 3347 3699 3504 6475 5289 6013 6476 6477
675 3 18 5 9 3822 3621 4131 3277 6478 6479 6480 6481 6482
676 3 18 5 9 3284 3903 3218 3619 6483 6484 5961 5992 6485
677 3 18 5 9 3285 3618 3217 3904 5990 5955 6486 6487 6488
678 3 18 5 9 3495 3875 1135 1136 5348 6489 1281 4990 6490
679 3 18 5 9 3496 996 997 3876 4996 1142 6491 5352 6492
680 3 18 5 9 3983 3333 3982 3818 4828 4826 6493 6494 6495
681 3 18 5 9 3659 915 916 4043 6318 989 6496 6497 6498
682 3 18 5 9 3658 4042 1288 1289 6499 6500 1362 6316 6501
683 3 18 5 9 3976 3327 3972 3820 4807 4796 6502 6503 6504
684 3 18 5 9 3662 4045 997 998 6505 6506 1143 6320 6507
685 3 18 5 9 3663 1134 1135 4046 6322 1280 6508 6509 6510
686 3 18 5 9 4059 3659 4043 3414 6026 6497 6511 5299 6512
687 3 18 5 9 4060 3415 4042 3658 5295 6513 6499 6030 6514
688 3 18 5 9 3284 3411 4045 3662 5993 6515 6505 4208 6516
689 3 18 5 9 3285 3663 4046 3412 4214 6509 6517 5989 6518
690 3 18 5 9 4065 3226 4119 3695 6519 6520 5377 6521 6522
691 3 18 5 9 4064 3694 4118 3224 6523 5375 6524 6525 6526
692 3 18 5 9 3503 3891 3903 3284 6472 6527 6483 4207 6528
693 3 18 5 9 3504 3285 3904 3892 4215 6487 6529 6476 6530
694 3 18 5 9 4033 3629 131 4037 6361 6432 6531 6410 6532
695 3 18 5 9 3901 3339 4002 3823 5582 5135 6533 6534 6535
696 3 18 5 9 3280 3873 3356 4013 5473 4203 6313 5996 6536
697 3 18 5 9 3281 3874 3353 4015 5469 4198 6303 6001 6537
698 3 18 5 9 3494 3889 916 917 6074 6538 990 5129 6539
699 3 18 5 9 3493 1287 1288 3890 5133 1361 6540 6068 6541
700 3 18 5 9 3418 3852 31 32 6542 6543 57 5121 6544
701 3 18 5 9 3419 208 209 3853 5127 234 6545 6546 6547
702 3 18 5 9 3854 3258 4115 3680 6548 6549 6550 6551 6552
703 3 18 5 9 1305 3687 4058 1304 6461 6553 6554 1378 6555
704 3 18 5 9 871 872 4057 3688 945 6556 6557 6466 6558
705 3 18 5 9 3993 3824 3987 3331 6559 6560 4836 4890 6561
706 3 18 5 9 4056 3488 3691 4167 6562 4255 6563 6564 6565
707 3 18 5 9 4055 4166 3692 3487 6566 6567 4259 6568 6569
708 3 18 5 9 3220 3431 3891 4051 6337 6570 6571 6572 6573
709 3 18 5 9 3219 3347 3892 3432 6574 6475 6575 5004 6576
710 3 18 5 9 4006 3342 4004 3827 4908 4906 6577 6578 6579
711 3 18 5 9 4010 3656 3825 3344 6580 6581 5461 4927 6582
712 3 18 5 9 4011 3345 3826 3657 5547 5467 6583 6584 6585
713 3 18 5 9 3989 3828 3988 3330 6586 6587 4848 4842 6588
714 3 18 5 9 3242 3623 4067 3481 6270 6446 6589 5184 6590
715 3 18 5 9 3247 3624 4071 3485 6274 6444 6591 5208 6592
716 3 18 5 9 3237 3625 4066 3480 6278 6442 6593 5173 6594
717 3 18 5 9 3251 3626 4069 3483 5404 6440 6595 5198 6596
718 3 18 5 9 3232 3627 4068 3482 6282 6438 6597 5191 6598
719 3 18 5 9 3256 3628 4070 3484 5400 6436 6599 5201 6600
720 3 18 5 9 3257 3484 4070 3629 5146 6599 6433 6360 6601
721 3 18 5 9 3233 3482 4068 3630 5187 6597 6429 6286 6602
722 3 18 5 9 3252 3483 4069 3631 5194 6595 6426 5398 6603
723 3 18 5 9 3238 3480 4066 3632 5176 6593 6423 6290 6604
724 3 18 5 9 3248 3485 4071 3633 5204 6591 6420 6294 6605
725 3 18 5 9 3243 3481 4067 3634 5180 6589 6417 6298 6606
726 3 18 5 9 4075 3421 4036 3491 6607 6454 5942 5471 6608
727 3 18 5 9 1002 3878 3698 1001 6609 5322 6016 1147 6610
728 3 18 5 9 3691 22 23 4167 5945 28 6611 6563 6612
729 3 18 5 9 3692 4166 237 238 6567 6613 243 5949 6614
730 3 18 5 9 1130 1131 3699 3879 1276 6014 5292 6615 6616
731 3 18 5 9 911 912 3700 3880 985 6020 5224 6617 6618
732 3 18 5 9 1293 3881 3701 1292 6619 5220 6022 1366 6620
733 3 18 5 9 3887 3350 3706 3507 6621 6622 6042 4925 6623
734 3 18 5 9 4056 3410 4091 3488 6624 6625 5158 6562 6626
735 3 18 5 9 4055 3487 4092 3409 6568 5164 6627 6628 6629
736 3 18 5 9 3509 3704 3508 3351 5537 6040 4250 4244 6630
737 3 18 5 9 3974 3322 3959 3829 4436 4429 6631 6632 6633
738 3 18 5 9 3975 3830 3960 3323 6634 6635 4790 4805 6636
739 3 18 5 9 3905 3506 3706 3350 4423 5569 6622 6637 6638
740 3 18 5 9 4072 3420 4044 3492 6639 6395 5550 5475 6640
741 3 18 5 9 3997 3831 3992 3329 6641 6642 4872 4886 6643
742 3 18 5 9 3350 3887 3224 3905 6621 6644 6645 6637 6646
743 3 18 5 9 3351 3906 3226 3888 4249 6647 6648 4245 6649
744 3 18 5 9 3916 3833 3914 3292 6650 6651 4556 4594 6652
745 3 18 5 9 3941 3834 3934 3317 6653 6654 4660 4682 6655
746 3 18 5 9 3922 3835 3910 3299 6656 6657 4560 4626 6658
747 3 18 5 9 3954 3306 3942 3836 4713 4678 6659 6660 6661
748 3 18 5 9 3924 3837 3911 3297 6662 6663 4572 4582 6664
749 3 18 5 9 3943 3316 3948 3838 4688 4698 6665 6666 6667
750 3 18 5 9 3930 3301 3928 3839 4608 4630 6668 6669 6670
751 3 18 5 9 3939 3840 3936 3307 6671 6672 4705 4658 6673
752 3 18 5 9 3926 3291 3919 3841 4596 4586 6674 6675 6676
753 3 18 5 9 3953 3308 3938 3842 4672 4719 6677 6678 6679
754 3 18 5 9 3933 3303 3913 3843 4636 4578 6680 6681 6682
755 3 18 5 9 3909 3288 3907 3832 4544 4542 6683 6684 6685
756 3 18 5 9 3455 3319 3850 3897 5230 6082 6686 4218 6687
757 3 18 5 9 3454 3896 3851 3318 4224 6688 6076 5228 6689
758 3 18 5 9 3511 3359 3510 3707 4537 4540 5592 6088 6690
759 3 18 5 9 3513 3360 3512 3709 4546 4776 5599 6091 6691
760 3 18 5 9 3520 3362 3515 3724 4558 4548 5615 6107 6692
761 3 18 5 9 3519 3361 3517 3717 4562 4552 5611 6103 6693
762 3 18 5 9 3518 3718 3521 3363 5607 6113 4739 4568 6694
763 3 18 5 9 3526 3364 3516 3720 4574 4564 5622 6105 6695
764 3 18 5 9 3529 3367 3514 3710 4590 4576 5603 6093 6696
765 3 18 5 9 3522 3366 3528 3728 4747 4760 5664 6127 6697
766 3 18 5 9 3527 3732 3524 3365 5633 6133 4755 4580 6698
767 3 18 5 9 3532 3368 3523 3715 4602 4584 5629 6101 6699
768 3 18 5 9 3540 3711 3525 3371 5675 6095 4598 4616 6700
769 3 18 5 9 3535 3369 3538 3730 4770 4592 5683 6121 6701
770 3 18 5 9 3534 3735 3536 3370 5679 6135 4610 4604 6702
771 3 18 5 9 3543 3725 3530 3372 5687 6109 4614 4624 6703
772 3 18 5 9 3533 3737 3542 3373 5671 6140 4622 4628 6704
773 3 18 5 9 3548 3729 3537 3377 5697 6118 4634 4640 6705
774 3 18 5 9 3539 3741 3541 3374 5704 6144 4638 4733 6706
775 3 18 5 9 3550 3375 3531 3747 4662 4644 5715 6163 6707
776 3 18 5 9 3547 3376 3545 3749 4743 4648 5723 6156 6708
777 3 18 5 9 3546 3759 3549 3378 5719 6169 4654 4656 6709
778 3 18 5 9 3558 3383 3544 3738 4766 4676 5711 6125 6710
779 3 18 5 9 3559 3752 3552 3379 5762 6146 4666 4680 6711
780 3 18 5 9 3556 3381 3560 3758 4707 4668 5783 6171 6712
781 3 18 5 9 3565 3756 3551 3380 5739 6158 4674 4709 6713
782 3 18 5 9 3566 3744 3554 3382 5766 6138 4686 4696 6714
783 3 18 5 9 3564 3757 3562 3385 5776 6161 4694 4772 6715
784 3 18 5 9 3555 3387 3557 3740 4723 4717 5749 6129 6716
785 3 18 5 9 3563 3755 3567 3384 5746 6154 4690 4701 6717
786 3 18 5 9 3569 3751 3553 3386 5787 6148 4715 4725 6718
787 3 18 5 9 1007 3882 3705 1006 6719 5261 6037 1152 6720
788 3 18 5 9 3958 3845 3906 3321 6721 6722 4248 4731 6723
789 3 18 5 9 3957 3320 3905 3844 4419 4421 6724 6725 6726
790 3 18 5 9 3957 3388 3776 3570 6727 6728 6180 4416 6729
791 3 18 5 9 3572 3767 3573 3389 5803 6178 4792 4729 6730
792 3 18 5 9 3959 3571 3776 3388 4432 5807 6728 6731 6732
793 3 18 5 9 3574 3390 3576 3769 4782 4794 5814 6182 6733
794 3 18 5 9 3575 3777 3577 3391 6184 5817 4800 4786 6734
795 3 18 5 9 3974 3392 3782 3579 6735 6736 6191 4434 6737
796 3 18 5 9 3580 3779 3581 3393 5827 6189 4813 4803 6738
797 3 18 5 9 3977 3578 3782 3392 4451 5831 6736 6739 6740
798 3 18 5 9 3587 3395 3588 3792 4809 4832 5838 6193 6741
799 3 18 5 9 3584 3785 3585 3394 5845 6197 4821 4815 6742
800 3 18 5 9 3594 3401 3596 3788 4830 4860 5855 6202 6743
801 3 18 5 9 3590 3398 3591 3799 4846 4840 5869 6209 6744
802 3 18 5 9 4001 3402 3805 3600 6745 6746 6228 4497 6747
803 3 18 5 9 3595 3400 3592 3801 4874 4868 5873 6211 6748
804 3 18 5 9 3603 3397 3604 3797 4850 4864 5901 6220 6749
805 3 18 5 9 3598 3798 3605 3399 5887 6226 4854 4856 6750
806 3 18 5 9 3597 3802 3599 3403 5880 6213 4882 4884 6751
807 3 18 5 9 3607 3803 3602 3404 5911 6216 4878 4888 6752
808 3 18 5 9 4002 3601 3805 3402 5137 5908 6746 6753 6754
809 3 18 5 9 3593 3800 3609 3405 5897 6230 4898 4892 6755
810 3 18 5 9 3608 3806 3606 3406 5921 6223 4902 4904 6756
811 3 18 5 9 3610 3407 3611 3808 4910 4912 5928 6236 6757
812 3 18 5 9 3613 3812 3612 3408 5938 6234 4918 4921 6758
813 3 18 5 9 3996 3846 3995 3332 6759 6760 4852 4870 6761
814 3 18 5 9 24 4056 4167 23 6762 6564 6611 29 6763
815 3 18 5 9 236 237 4166 4055 242 6613 6566 6764 6765
816 3 18 5 9 3479 85 86 4089 5493 137 6766 6767 6768
817 3 18 5 9 3475 109 110 4084 5525 161 6769 6770 6771
818 3 18 5 9 3474 101 102 4085 5529 153 6772 6773 6774
819 3 18 5 9 3477 117 118 4086 5521 169 6775 6776 6777
820 3 18 5 9 3476 93 94 4087 5517 145 6778 6779 6780
821 3 18 5 9 4003 3336 3991 3847 4896 4866 6781 6782 6783
822 3 18 5 9 198 3620 4120 3433 5482 6456 6784 5154 6785
823 3 18 5 9 3646 4121 86 87 6786 6787 138 5510 6788
824 3 18 5 9 3648 4123 94 95 6789 6790 146 5505 6791
825 3 18 5 9 3653 4124 118 119 6792 6793 170 5502 6794
826 3 18 5 9 3647 4125 102 103 6795 6796 154 5499 6797
827 3 18 5 9 3654 4126 110 111 6798 6799 162 5496 6800
828 3 18 5 9 100 3644 4139 3445 5528 6372 6801 4935 6802
829 3 18 5 9 108 3649 4141 3447 5524 6377 6803 4931 6804
830 3 18 5 9 92 3645 4137 3443 5516 6382 6805 4943 6806
831 3 18 5 9 116 3650 4142 3446 5520 6387 6807 4939 6808
832 3 18 5 9 3231 3646 3441 4134 6809 5509 6810 6811 6812
833 3 18 5 9 3236 3648 3439 4133 6813 5504 6814 6815 6816
834 3 18 5 9 3241 3647 3437 4132 6817 5498 6818 6819 6820
835 3 18 5 9 3246 3654 3438 4135 6821 5495 6822 6823 6824
836 3 18 5 9 84 3655 4143 3448 5492 6392 6825 4975 6826
837 3 18 5 9 3498 3218 4054 3894 5959 6827 6828 6086 6829
838 3 18 5 9 3497 3895 4053 3217 6084 6830 6831 5957 6832
839 3 18 5 9 1302 3815 3883 1301 6470 5076 6833 1375 6834
840 3 18 5 9 869 870 3816 3884 943 6467 5081 6835 6836
841 3 18 5 9 874 875 3885 3814 948 6837 5086 6463 6838
842 3 18 5 9 1307 3886 3813 1306 6839 5090 6460 1380 6840
843 3 18 5 9 3656 4010 1352 1353 6580 5544 1426 4186 6841
844 3 18 5 9 3657 851 852 4011 4188 925 5548 6584 6842
845 3 18 5 9 3656 3413 4034 3825 4185 5340 6843 6581 6844
846 3 18 5 9 3657 3826 4035 4052 6583 6845 5344 4189 6846
847 3 18 5 9 3823 4120 3274 3901 6847 6458 4175 6534 6848
848 3 18 5 9 3857 4037 131 132 6849 6531 183 5063 6850
849 3 18 5 9 3270 3671 3456 4159 6851 5442 6852 6853 6854
850 3 18 5 9 4109 3863 3962 3294 6855 6856 4737 6857 6858
851 3 18 5 9 4108 3864 3964 3300 6859 6860 4745 6861 6862
852 3 18 5 9 4111 3865 3963 3315 6863 6864 4741 6865 6866
853 3 18 5 9 4105 3867 3965 3296 6867 6868 4753 6869 6870
854 3 18 5 9 4107 3871 3968 3305 6871 6872 4764 6873 6874
855 3 18 5 9 4103 3870 3969 3293 6875 6876 4768 6877 6878
856 3 18 5 9 3635 1299 1300 4025 4235 1373 6879 6880 6881
857 3 18 5 9 3637 4027 876 877 6882 6883 950 4241 6884
858 3 18 5 9 3260 4163 3457 3683 6885 6886 5252 6887 6888
859 3 18 5 9 3262 3684 3458 4164 6889 5256 6890 6891 6892
860 3 18 5 9 3269 3664 3451 4153 6893 4986 6894 6895 6896
861 3 18 5 9 3261 4149 3449 3665 6897 6898 4231 5008 6899
862 3 18 5 9 3263 3666 3450 4150 5016 4229 6900 6901 6902
863 3 18 5 9 3820 4115 3258 3976 6903 6549 6904 6503 6905
864 3 18 5 9 3366 3964 3235 3966 4746 6906 6907 4761 6908
865 3 18 5 9 3360 3909 3229 3971 4545 6909 6910 4777 6911
866 3 18 5 9 3369 3969 3241 3916 4769 6912 6913 4593 6914
867 3 18 5 9 3365 3965 3231 3924 4754 6915 6916 4581 6917
868 3 18 5 9 3385 3949 3245 3970 4693 6918 6919 4773 6920
869 3 18 5 9 3383 3968 3871 3942 4765 6872 6921 4677 6922
870 3 18 5 9 3363 3962 3240 3918 4738 6923 6924 4569 6925
871 3 18 5 9 3374 3933 3244 3961 4637 6926 6927 4734 6928
872 3 18 5 9 3376 3963 3250 3945 4742 6929 6930 4649 6931
873 3 18 5 9 3286 3452 4017 3642 6932 6933 6364 5542 6934
874 3 18 5 9 3341 3822 3277 3902 5987 6481 4180 5585 6935
875 3 18 5 9 3368 3912 3238 3919 4601 5177 6936 4585 6937
876 3 18 5 9 3372 3925 3236 3922 4613 6938 6939 4625 6940
877 3 18 5 9 3364 3911 3232 3917 4573 6941 5190 4565 6942
878 3 18 5 9 3367 3920 3243 3913 4589 5181 6943 4577 6944
879 3 18 5 9 3361 3910 3237 3923 4561 6945 5172 4553 6946
880 3 18 5 9 3371 3926 3239 3921 4597 6947 6948 4617 6949
881 3 18 5 9 3362 3914 3242 3915 4557 6950 5183 4549 6951
882 3 18 5 9 3377 3932 3230 3927 4633 6952 6953 4641 6954
883 3 18 5 9 3373 3931 3233 3928 4621 5188 6955 4629 6956
884 3 18 5 9 3370 3930 3234 3929 4609 6957 6958 4605 6959
885 3 18 5 9 3387 3937 3248 3938 4722 5205 6960 4718 6961
886 3 18 5 9 3375 3934 3247 3946 4661 6962 5207 4645 6963
887 3 18 5 9 3386 3954 3251 3940 4714 6964 5197 4726 6965
888 3 18 5 9 3381 3936 3253 3950 4706 6966 6967 4669 6968
889 3 18 5 9 3384 3943 3256 3947 4689 6969 5200 4702 6970
890 3 18 5 9 3380 3953 3249 3935 4673 6971 6972 4710 6973
891 3 18 5 9 3379 3951 3246 3941 4665 6974 6975 4681 6976
892 3 18 5 9 3378 3944 3252 3939 4653 5195 6977 4657 6978
893 3 18 5 9 3382 3952 3255 3948 4685 6979 6980 4697 6981
894 3 18 5 9 3359 3908 3228 3907 4536 5214 6982 4541 6983
895 3 18 5 9 3220 3877 4037 3857 6984 6411 6849 6338 6985
896 3 18 5 9 3678 4117 4008 4154 6986 5985 6987 6988 6989
897 3 18 5 9 3266 3667 3436 4144 5029 4532 6990 6991 6992
898 3 18 5 9 3276 4130 3435 3668 6993 6994 4983 5031 6995
899 3 18 5 9 3390 3955 4146 3972 4781 6078 6996 4795 6997
900 3 18 5 9 3391 3973 3227 3956 4799 6998 6999 4787 7000
901 3 18 5 9 3388 3957 3260 3959 6727 7001 7002 6731 7003
902 3 18 5 9 3389 3960 3262 3958 4791 7004 7005 4730 7006
903 3 18 5 9 3392 3974 3261 3977 6735 7007 7008 6739 7009
904 3 18 5 9 3393 3978 3263 3975 4812 7010 7011 4804 7012
905 3 18 5 9 3395 3976 3258 3984 4808 6904 7013 4833 7014
906 3 18 5 9 3394 3981 3264 3980 4820 7015 7016 4816 7017
907 3 18 5 9 3401 3983 4114 3990 4829 7018 7019 4861 7020
908 3 18 5 9 3397 3988 3267 3991 4849 7021 7022 4865 7023
909 3 18 5 9 3398 3986 3266 3989 4845 7024 7025 4841 7026
910 3 18 5 9 3399 3995 3271 3994 4853 7027 7028 4857 7029
911 3 18 5 9 3404 3999 3272 3993 4877 7030 7031 4889 7032
912 3 18 5 9 3400 3992 3270 3996 4873 7033 7034 4869 7035
913 3 18 5 9 3403 3998 3269 3997 4881 7036 7037 4885 7038
914 3 18 5 9 3405 4003 3268 4000 4897 7039 7040 4893 7041
915 3 18 5 9 3406 4005 3275 4004 4901 7042 7043 4905 7044
916 3 18 5 9 3407 4006 3276 4007 4909 7045 7046 4913 7047
917 3 18 5 9 3408 4009 4154 4008 4917 6245 6987 4922 7048
918 3 18 5 9 3700 3501 4038 3348 6019 5316 6448 5225 7049
919 3 18 5 9 3701 3349 4039 3502 5219 6452 5310 6023 7050
920 3 18 5 9 3326 3817 3264 3981 5589 5102 7015 4819 7051
921 3 18 5 9 3979 4156 3818 3982 6253 5110 6493 6355 7052
922 3 18 5 9 3340 3819 3227 3973 5797 5097 6998 4798 7053
923 3 18 5 9 3675 3820 3972 4146 7054 6502 6996 7055 7056
924 3 18 5 9 1003 4017 3878 1002 6365 7057 6609 1148 7058
925 3 18 5 9 1129 1130 3879 4016 1275 6615 7059 6346 7060
926 3 18 5 9 194 3434 3272 3677 5115 7061 7062 5409 7063
927 3 18 5 9 910 911 3880 4020 984 6617 7064 6352 7065
928 3 18 5 9 1294 4021 3881 1293 6350 7066 6619 1367 7067
929 3 18 5 9 3696 3825 4034 3223 5462 6843 5160 7068 7069
930 3 18 5 9 3697 3225 4035 3826 7070 5162 6845 5466 7071
931 3 18 5 9 1008 4022 3882 1007 6368 7072 6719 1153 7073
932 3 18 5 9 1301 3883 4025 1300 6833 7074 6879 1374 7075
933 3 18 5 9 868 869 3884 4026 942 6835 7076 6331 7077
934 3 18 5 9 875 876 4027 3885 949 6883 7078 6837 7079
935 3 18 5 9 1308 4028 3886 1307 6335 7080 6839 1381 7081
936 3 18 5 9 49 3430 4117 3678 5364 7082 6986 5279 7083
937 3 18 5 9 3903 4029 4054 3218 7084 7085 6827 6484 7086
938 3 18 5 9 3904 3217 4053 4030 6486 6831 7087 7088 7089
939 3 18 5 9 3672 3823 4002 3402 7090 6533 6753 7091 7092
940 3 18 5 9 187 3680 4115 3427 5371 6550 7093 5282 7094
941 3 18 5 9 3410 4031 31 3852 7095 5972 6543 7096 7097
942 3 18 5 9 3409 3853 209 4032 7098 6545 5976 7099 7100
943 3 18 5 9 39 3679 4114 3424 5320 7101 7102 5356 7103
944 3 18 5 9 3985 3987 3824 3273 6357 6560 5093 7104 7105
945 3 18 5 9 3685 3413 1354 1355 5341 4184 1428 6341 7106
946 3 18 5 9 3686 849 850 4052 6343 923 4190 5343 7107
947 3 18 5 9 3674 3827 4004 3275 7108 6577 7043 7109 7110
948 3 18 5 9 3689 4057 872 873 7111 6556 946 6464 7112
949 3 18 5 9 3690 1303 1304 4058 6469 1377 6554 7113 7114
950 3 18 5 9 3827 4130 3276 4006 7115 6993 7045 6578 7116
951 3 18 5 9 3673 3267 3988 3828 7117 7021 6587 7118 7119
952 3 18 5 9 3828 3989 3266 4144 6586 7025 6991 7120 7121
953 3 18 5 9 4029 3903 3891 3431 7084 6527 6570 6329 7122
954 3 18 5 9 4030 3432 3892 3904 6324 6575 6529 7088 7123
955 3 18 5 9 3683 3829 3959 3260 7124 6631 7002 6887 7125
956 3 18 5 9 3684 3262 3960 3830 6889 7004 6635 7126 7127
957 3 18 5 9 3221 4062 3422 3702 7128 7129 5331 5412 7130
958 3 18 5 9 3222 3703 3423 4063 5418 5328 7131 7132 7133
959 3 18 5 9 3671 3270 3992 3831 6851 7033 6642 7134 7135
960 3 18 5 9 3653 3836 3942 3871 7136 6659 6921 7137 7138
961 3 18 5 9 3652 3838 3948 3255 7139 6665 6980 7140 7141
962 3 18 5 9 3651 3253 3936 3840 7142 6966 6672 7143 7144
963 3 18 5 9 3696 4019 3852 3418 7145 7146 6542 7147 7148
964 3 18 5 9 3697 3419 3853 4018 7149 6546 7150 7151 7152
965 3 18 5 9 3829 4149 3261 3974 7153 6897 7007 6632 7154
966 3 18 5 9 3830 3975 3263 4150 6634 7011 6901 7155 7156
967 3 18 5 9 3831 3997 3269 4153 6641 7037 6895 7157 7158
968 3 18 5 9 3661 3271 3995 3846 4998 7027 6760 7159 7160
969 3 18 5 9 3705 3352 4061 3505 5260 5967 5540 6038 7161
970 3 18 5 9 3673 3847 3991 3267 7162 6781 7022 7117 7163
971 3 18 5 9 3863 3474 4085 3770 7164 6773 7165 7166 7167
972 3 18 5 9 3864 3476 4087 3771 7168 6779 7169 7170 7171
973 3 18 5 9 4112 3475 4084 3772 7172 6770 7173 7174 7175
974 3 18 5 9 3865 3477 4086 3774 7176 6776 7177 7178 7179
975 3 18 5 9 3866 4110 4088 3775 6065 5982 7180 4192 7181
976 3 18 5 9 4113 3479 4089 3773 7182 6767 7183 7184 7185
977 3 18 5 9 3833 3916 3241 4132 6650 6913 6819 7186 7187
978 3 18 5 9 3834 3941 3246 4135 6653 6975 6823 7188 7189
979 3 18 5 9 3836 4136 3251 3954 7190 5405 6964 6660 7191
980 3 18 5 9 3835 3922 3236 4133 6656 6939 6815 7192 7193
981 3 18 5 9 3837 3924 3231 4134 6662 6916 6811 7194 7195
982 3 18 5 9 3838 4138 3256 3943 7196 5401 6969 6666 7197
983 3 18 5 9 3839 4137 3234 3930 7198 6381 6957 6669 7199
984 3 18 5 9 3840 3939 3252 4140 6671 6977 5397 7200 7201
985 3 18 5 9 3842 4142 3249 3953 7202 6386 6971 6678 7203
986 3 18 5 9 3841 4139 3239 3926 7204 6371 6947 6675 7205
987 3 18 5 9 3843 4141 3244 3933 7206 6376 6926 6681 7207
988 3 18 5 9 3832 4143 3229 3909 7208 6391 6909 6684 7209
989 3 18 5 9 3338 4000 3268 3848 4894 7040 6397 6033 7210
990 3 18 5 9 4057 3428 4013 3688 7211 5997 6312 6557 7212
991 3 18 5 9 4057 3689 4012 3428 7111 6305 5998 7211 7213
992 3 18 5 9 4058 3687 4014 3429 6553 6308 6003 7214 7215
993 3 18 5 9 4058 3429 4015 3690 7214 6002 6302 7113 7216
994 3 18 5 9 3337 3994 3271 3849 4858 7028 5001 6263 7217
995 3 18 5 9 3335 3984 3258 3854 4834 7013 6548 6259 7218
996 3 18 5 9 3846 3996 3270 4159 6759 7034 6853 7219 7220
997 3 18 5 9 3325 3856 3263 3978 6257 5013 7010 4811 7221
998 3 18 5 9 3324 3977 3261 3855 4448 7008 5011 6251 7222
999 3 18 5 9 3845 3958 3262 4164 6721 7005 6891 7223 7224
1000 3 18 5 9 3844 4163 3260 3957 7225 6885 7001 6725 7226
1001 3 18 5 9 3328 3858 3266 3986 6249 5026 7024 4844 7227
1002 3 18 5 9 3343 4007 3276 3859 4914 7046 5034 6243 7228
1003 3 18 5 9 3334 3985 3273 3860 4512 7104 5043 6239 7229
1004 3 18 5 9 3696 4064 3224 3887 7230 6525 6644 5463 7231
1005 3 18 5 9 3697 3888 3226 4065 5465 6648 6519 7232 7233
1006 3 18 5 9 3847 4162 3268 4003 7234 6398 7039 6782 7235
1007 3 18 5 9 3286 3877 3220 4051 5978 6984 6572 7236 7237
1008 3 18 5 9 3298 3971 3229 3861 4778 6910 6390 6052 7238
1009 3 18 5 9 3770 3240 3962 3863 5563 6923 6856 7166 7239
1010 3 18 5 9 3771 3235 3964 3864 5065 6906 6860 7170 7240
1011 3 18 5 9 3311 3961 3244 3862 4735 6927 6375 6048 7241
1012 3 18 5 9 3646 3231 3965 3867 6809 6915 6868 7242 7243
1013 3 18 5 9 3295 3966 3235 3868 4762 6907 5068 6044 7244
1014 3 18 5 9 3774 3250 3963 3865 5558 6929 6864 7178 7245
1015 3 18 5 9 3647 3241 3969 3870 6817 6912 6876 7246 7247
1016 3 18 5 9 3313 3866 3254 3967 6066 4195 7248 4749 7249
1017 3 18 5 9 3309 3967 3254 3869 4758 7248 4194 6056 7250
1018 3 18 5 9 3310 3970 3245 3872 4774 6919 5073 6060 7251
1019 3 18 5 9 4151 3347 3219 3893 5290 6574 5152 7252 7253
1020 3 18 5 9 3674 3275 4005 3460 7109 7042 6035 5951 7254
1021 3 18 5 9 4012 4129 4072 3280 6006 7255 5474 5995 7256
1022 3 18 5 9 4014 3693 4075 3281 6010 7257 5470 6000 7258
1023 3 18 5 9 3412 4046 1135 3875 6517 6508 6489 5347 7259
1024 3 18 5 9 3411 3876 997 4045 5353 6491 6506 6515 7260
1025 3 18 5 9 3848 3660 4090 3460 6400 7261 5952 6034 7262
1026 3 18 5 9 3850 3222 4083 3897 5416 7263 4219 6686 7264
1027 3 18 5 9 3851 3896 4082 3221 6688 4223 7265 5414 7266
1028 3 18 5 9 4162 3459 4093 3660 7267 5964 7268 6399 7269
1029 3 18 5 9 3414 4043 916 3889 6511 6496 6538 6073 7270
1030 3 18 5 9 3415 3890 1288 4042 6069 6540 6500 6513 7271
1031 3 18 5 9 3489 4062 3221 4082 7272 7128 7265 6449 7273
1032 3 18 5 9 3490 4083 3222 4063 6451 7263 7132 7274 7275
1033 3 18 5 9 4148 3878 4017 3452 5323 7057 6933 7276 7277
1034 3 18 5 9 3639 4016 3879 3453 6347 7059 7278 5216 7279
1035 3 18 5 9 3641 4020 3880 3454 6353 7064 5223 5227 7280
1036 3 18 5 9 3640 3455 3881 4021 5231 5221 7066 6349 7281
1037 3 18 5 9 3869 3775 4122 3478 4193 7282 5264 6057 7283
1038 3 18 5 9 3635 4025 3883 3462 6880 7074 5075 5235 7284
1039 3 18 5 9 3636 4026 3884 3463 6332 7076 5080 5238 7285
1040 3 18 5 9 3638 3465 3886 4028 5586 5091 7080 6334 7286
1041 3 18 5 9 3637 3464 3885 4027 5583 5087 7078 6882 7287
1042 3 18 5 9 3643 3461 3882 4022 5573 5262 7072 6367 7288
1043 3 18 5 9 24 4031 3410 4056 5973 7095 6624 6762 7289
1044 3 18 5 9 236 4055 3409 4032 6764 6628 7099 5975 7290
1045 3 18 5 9 3677 4165 3849 4145 7291 6264 5000 5410 7292
1046 3 18 5 9 3680 3468 4158 3854 5370 5489 6260 6551 7293
1047 3 18 5 9 3682 3470 3856 4157 5368 5014 6256 7294 7295
1048 3 18 5 9 3681 4156 3855 3469 5107 6252 5010 5366 7296
1049 3 18 5 9 3675 4146 3851 3466 7055 6077 5413 5305 7297
1050 3 18 5 9 3676 3467 3850 4147 5307 5417 6081 7298 7299
1051 3 18 5 9 3679 3471 3858 4155 5319 5027 6248 7300 7301
1052 3 18 5 9 3678 4154 3859 3472 6988 6244 5033 5280 7302
1053 3 18 5 9 3672 4152 3860 3473 7303 6240 5042 5233 7304
1054 3 18 5 9 3416 4047 3493 4168 6415 5132 7305 5382 7306
1055 3 18 5 9 3417 4169 3494 4048 5384 7307 5130 6413 7308
1056 3 18 5 9 3879 4151 3893 3453 5291 7252 5531 7278 7309
1057 3 18 5 9 3655 3479 4113 3861 5491 7182 6053 6393 7310
1058 3 18 5 9 3649 3475 4112 3862 5523 7172 6049 6378 7311
1059 3 18 5 9 3644 3474 3863 4109 5527 7164 6855 6373 7312
1060 3 18 5 9 3650 3477 3865 4111 5519 7176 6863 6388 7313
1061 3 18 5 9 3645 3476 3864 4108 5515 7168 6859 6383 7314
1062 3 18 5 9 3646 3867 4105 4121 7242 6867 5555 6786 7315
1063 3 18 5 9 3648 4104 3868 4123 7316 6045 5067 6789 7317
1064 3 18 5 9 3653 3871 4107 4124 7137 6871 5560 6792 7318
1065 3 18 5 9 3647 3870 4103 4125 7246 6875 5565 6795 7319
1066 3 18 5 9 3654 4106 3872 4126 7320 6061 5072 6798 7321
1067 3 18 5 9 3286 4051 4148 3452 7236 7322 7276 6932 7323
1068 3 18 5 9 3914 3833 4094 3242 6651 7324 6271 6950 7325
1069 3 18 5 9 3934 3834 4095 3247 6654 7326 6275 6962 7327
1070 3 18 5 9 3910 3835 4096 3237 6657 7328 6279 6945 7329
1071 3 18 5 9 3911 3837 4097 3232 6663 7330 6283 6941 7331
1072 3 18 5 9 3928 3233 4098 3839 6955 6285 7332 6668 7333
1073 3 18 5 9 3919 3238 4099 3841 6936 6289 7334 6674 7335
1074 3 18 5 9 3938 3248 4100 3842 6960 6293 7336 6677 7337
1075 3 18 5 9 3913 3243 4101 3843 6943 6297 7338 6680 7339
1076 3 18 5 9 3907 3228 4102 3832 6982 6267 7340 6683 7341
1077 3 18 5 9 193 4145 3661 192 5408 4999 4171 218 7342
1078 3 18 5 9 3697 4018 4092 3225 7151 7343 5163 7070 7344
1079 3 18 5 9 3696 3223 4091 4019 7068 5159 7345 7145 7346
1080 3 18 5 9 3905 3224 4118 3844 6645 6524 7347 6724 7348
1081 3 18 5 9 3906 3845 4119 3226 6722 7349 6520 6647 7350
1082 3 18 5 9 3694 4064 3696 3418 6523 7230 7147 5123 7351
1083 3 18 5 9 3695 3419 3697 4065 5125 7149 7232 6521 7352
1084 3 18 5 9 4075 3693 3277 4131 7257 6009 6480 7353 7354
1085 3 18 5 9 45 4090 3660 44 5953 7261 7355 70 7356
1086 3 18 5 9 43 44 3660 4093 69 7355 7268 5963 7357
1087 3 18 5 9 3494 4169 3279 4076 7307 5477 5274 6072 7358
1088 3 18 5 9 3493 4077 3278 4168 6070 5272 5479 7305 7359
1089 3 18 5 9 127 4122 3775 126 5265 7282 7360 178 7361
1090 3 18 5 9 4123 3771 4087 94 5066 7169 6778 6790 7362
1091 3 18 5 9 125 126 3775 4088 177 7360 7180 5981 7363
1092 3 18 5 9 4124 3774 4086 118 5559 7177 6775 6793 7364
1093 3 18 5 9 4125 3770 4085 102 5564 7165 6772 6796 7365
1094 3 18 5 9 4126 3772 4084 110 5071 7173 6769 6799 7366
1095 3 18 5 9 4121 3773 4089 86 5554 7183 6766 6787 7367
1096 3 18 5 9 3669 3425 3817 3265 5485 5103 5588 5444 7368
1097 3 18 5 9 3983 3818 3424 4114 6494 5109 7102 7018 7369
1098 3 18 5 9 3675 3427 4115 3820 5283 7093 6903 7054 7370
1099 3 18 5 9 3615 3426 3819 3259 5533 5098 5796 5448 7371
1100 3 18 5 9 3621 3822 4117 3430 6478 5986 7082 5363 7372
1101 3 18 5 9 3672 3433 4120 3823 5155 6784 6847 7090 7373
1102 3 18 5 9 3993 3272 3434 3824 7031 7061 5094 6559 7374
1103 3 18 5 9 3674 3435 4130 3827 5426 6994 7115 7108 7375
1104 3 18 5 9 3673 3828 4144 3436 7118 7120 6990 5434 7376
1105 3 18 5 9 3653 3440 4136 3836 5501 5406 7190 7136 7377
1106 3 18 5 9 3652 3442 4138 3838 5507 5402 7196 7139 7378
1107 3 18 5 9 3651 3840 4140 3444 7143 7200 5396 5513 7379
1108 3 18 5 9 239 240 4079 4161 245 6406 7380 5948 7381
1109 3 18 5 9 21 4160 4078 20 5946 7382 6402 26 7383
1110 3 18 5 9 3683 3449 4149 3829 5429 6898 7153 7124 7384
1111 3 18 5 9 3684 3830 4150 3450 7126 7155 6900 5431 7385
1112 3 18 5 9 3671 3831 4153 3451 7134 7157 6894 5303 7386
1113 3 18 5 9 3852 4019 4091 3410 7146 7345 6625 7096 7387
1114 3 18 5 9 3853 3409 4092 4018 7098 6627 7343 7150 7388
1115 3 18 5 9 3661 3846 4159 3456 7159 7219 6852 4172 7389
1116 3 18 5 9 3673 3459 4162 3847 5965 7267 7234 7162 7390
1117 3 18 5 9 4132 3437 4094 3833 6818 4966 7324 7186 7391
1118 3 18 5 9 4135 3438 4095 3834 6822 4970 7326 7188 7392
1119 3 18 5 9 4133 3439 4096 3835 6814 4958 7328 7192 7393
1120 3 18 5 9 4134 3441 4097 3837 6810 4950 7330 7194 7394
1121 3 18 5 9 4137 3839 4098 3443 7198 7332 4944 6805 7395
1122 3 18 5 9 4139 3841 4099 3445 7204 7334 4936 6801 7396
1123 3 18 5 9 4142 3842 4100 3446 7202 7336 4940 6807 7397
1124 3 18 5 9 4141 3843 4101 3447 7206 7338 4932 6803 7398
1125 3 18 5 9 4143 3832 4102 3448 7208 7340 4976 6825 7399
1126 3 18 5 9 1356 1357 4078 4127 1430 6403 7400 6340 7401
1127 3 18 5 9 848 4128 4079 847 6344 7402 6405 921 7403
1128 3 18 5 9 4163 3844 4118 3457 7225 7347 5374 6886 7404
1129 3 18 5 9 4164 3458 4119 3845 6890 5378 7349 7223 7405
1130 3 18 5 9 3895 3490 4063 4053 5393 7274 7406 6830 7407
1131 3 18 5 9 3894 4054 4062 3489 6828 7408 7272 5389 7409
1132 3 18 5 9 3620 3420 4072 4129 5481 6639 7255 6457 7410
1133 3 18 5 9 3621 3421 4075 4131 5458 6607 7353 6479 7411
1134 3 18 5 9 3614 4116 3898 3257 5969 6408 5147 6359 7412
1135 3 18 5 9 3891 3346 4148 4051 6473 5324 7322 6571 7413
1136 3 18 5 9 3293 3918 3240 4103 4570 6924 5566 6877 7414
1137 3 18 5 9 3648 3236 3925 4104 6813 6938 6046 7316 7415
1138 3 18 5 9 3296 3927 3230 4105 4642 6953 5556 6869 7416
1139 3 18 5 9 3300 3929 3234 4108 4606 6958 6380 6861 7417
1140 3 18 5 9 3294 3921 3239 4109 4618 6948 6370 6857 7418
1141 3 18 5 9 3654 3246 3951 4106 6821 6974 6062 7320 7419
1142 3 18 5 9 3305 3945 3250 4107 4650 6930 5561 6873 7420
1143 3 18 5 9 3652 3255 3952 3478 7140 6979 6058 5267 7421
1144 3 18 5 9 3315 3935 3249 4111 4711 6972 6385 6865 7422
1145 3 18 5 9 3651 4110 3950 3253 5983 6064 6967 7142 7423
1146 3 18 5 9 3772 3245 3949 4112 5070 6918 6050 7174 7424
1147 3 18 5 9 3773 3230 3932 4113 5553 6952 6054 7184 7425
1148 3 18 5 9 3676 4147 3956 3227 7298 6080 6999 5100 7426
1149 3 18 5 9 3672 3402 4001 4152 7091 6745 6241 7303 7427
1150 3 18 5 9 3679 4155 3990 4114 7300 6247 7019 7101 7428
1151 3 18 5 9 3682 4157 3980 3264 7294 6255 7016 5105 7429
1152 3 18 5 9 3664 3269 3998 4158 6893 7036 6261 5488 7430
1153 3 18 5 9 3677 3272 3999 4165 7062 7030 6265 7291 7431
1154 3 18 5 9 4128 3500 4161 4079 5247 5334 7380 7402 7432
1155 3 18 5 9 4127 4078 4160 3499 7400 7382 5338 5243 7433
1156 3 18 5 9 4030 4053 4063 3423 7087 7406 7131 6325 7434
1157 3 18 5 9 4029 3422 4062 4054 6328 7129 7408 7085 7435
