1158 5 18 4 9 7 247 1444 847 248 1517 1518 920 1519
1159 5 18 4 9 847 1444 1445 848 1518 1520 1521 921 1522
1160 5 18 4 9 848 1445 1446 849 1521 1523 1524 922 1525
1161 5 18 4 9 849 1446 1447 850 1524 1526 1527 923 1528
1162 5 18 4 9 850 1447 1448 851 1527 1529 1530 924 1531
1163 5 18 4 9 851 1448 1449 852 1530 1532 1533 925 1534
1164 5 18 4 9 852 1449 1450 853 1533 1535 1536 926 1537
1165 5 18 4 9 853 1450 1451 854 1536 1538 1539 927 1540
1166 5 18 4 9 854 1451 1452 855 1539 1541 1542 928 1543
1167 5 18 4 9 855 1452 1453 856 1542 1544 1545 929 1546
1168 5 18 4 9 856 1453 1454 857 1545 1547 1548 930 1549
1169 5 18 4 9 857 1454 1455 858 1548 1550 1551 931 1552
1170 5 18 4 9 858 1455 1456 859 1551 1553 1554 932 1555
1171 5 18 4 9 859 1456 1457 860 1554 1556 1557 933 1558
1172 5 18 4 9 860 1457 1458 861 1557 1559 1560 934 1561
1173 5 18 4 9 861 1458 1459 862 1560 1562 1563 935 1564
1174 5 18 4 9 862 1459 1460 863 1563 1565 1566 936 1567
1175 5 18 4 9 863 1460 1461 864 1566 1568 1569 937 1570
1176 5 18 4 9 864 1461 1462 865 1569 1571 1572 938 1573
1177 5 18 4 9 865 1462 1463 866 1572 1574 1575 939 1576
1178 5 18 4 9 866 1463 1464 867 1575 1577 1578 940 1579
1179 5 18 4 9 867 1464 1465 868 1578 1580 1581 941 1582
1180 5 18 4 9 868 1465 1466 869 1581 1583 1584 942 1585
1181 5 18 4 9 869 1466 1467 870 1584 1586 1587 943 1588
1182 5 18 4 9 870 1467 1468 871 1587 1589 1590 944 1591
1183 5 18 4 9 871 1468 1469 872 1590 1592 1593 945 1594
1184 5 18 4 9 872 1469 1470 873 1593 1595 1596 946 1597
1185 5 18 4 9 873 1470 1471 874 1596 1598 1599 947 1600
1186 5 18 4 9 874 1471 1472 875 1599 1601 1602 948 1603
1187 5 18 4 9 875 1472 1473 876 1602 1604 1605 949 1606
1188 5 18 4 9 876 1473 1474 877 1605 1607 1608 950 1609
1189 5 18 4 9 877 1474 1475 878 1608 1610 1611 951 1612
1190 5 18 4 9 878 1475 1476 879 1611 1613 1614 952 1615
1191 5 18 4 9 879 1476 1477 880 1614 1616 1617 953 1618
1192 5 18 4 9 880 1477 1478 881 1617 1619 1620 954 1621
1193 5 18 4 9 881 1478 1479 882 1620 1622 1623 955 1624
1194 5 18 4 9 882 1479 1480 883 1623 1625 1626 956 1627
1195 5 18 4 9 883 1480 1481 884 1626 1628 1629 957 1630
1196 5 18 4 9 884 1481 1482 885 1629 1631 1632 958 1633
1197 5 18 4 9 885 1482 1483 886 1632 1634 1635 959 1636
1198 5 18 4 9 886 1483 1484 887 1635 1637 1638 960 1639
1199 5 18 4 9 887 1484 1485 888 1638 1640 1641 961 1642
1200 5 18 4 9 888 1485 1486 889 1641 1643 1644 962 1645
1201 5 18 4 9 889 1486 1487 890 1644 1646 1647 963 1648
1202 5 18 4 9 890 1487 1488 891 1647 1649 1650 964 1651
1203 5 18 4 9 891 1488 1489 892 1650 1652 1653 965 1654
1204 5 18 4 9 892 1489 1490 893 1653 1655 1656 966 1657
1205 5 18 4 9 893 1490 1491 894 1656 1658 1659 967 1660
1206 5 18 4 9 894 1491 1492 895 1659 1661 1662 968 1663
1207 5 18 4 9 895 1492 1493 896 1662 1664 1665 969 1666
1208 5 18 4 9 896 1493 1494 897 1665 1667 1668 970 1669
1209 5 18 4 9 897 1494 1495 898 1668 1670 1671 971 1672
1210 5 18 4 9 898 1495 1496 899 1671 1673 1674 972 1675
1211 5 18 4 9 899 1496 1497 900 1674 1676 1677 973 1678
1212 5 18 4 9 900 1497 1498 901 1677 1679 1680 974 1681
1213 5 18 4 9 901 1498 1499 902 1680 1682 1683 975 1684
1214 5 18 4 9 902 1499 1500 903 1683 1685 1686 976 1687
1215 5 18 4 9 903 1500 1501 904 1686 1688 1689 977 1690
1216 5 18 4 9 904 1501 1502 905 1689 1691 1692 978 1693
1217 5 18 4 9 905 1502 1503 906 1692 1694 1695 979 1696
1218 5 18 4 9 906 1503 1504 907 1695 1697 1698 980 1699
1219 5 18 4 9 907 1504 1505 908 1698 1700 1701 981 1702
1220 5 18 4 9 908 1505 1506 909 1701 1703 1704 982 1705
1221 5 18 4 9 909 1506 1507 910 1704 1706 1707 983 1708
1222 5 18 4 9 910 1507 1508 911 1707 1709 1710 984 1711
1223 5 18 4 9 911 1508 1509 912 1710 1712 1713 985 1714
1224 5 18 4 9 912 1509 1510 913 1713 1715 1716 986 1717
1225 5 18 4 9 913 1510 1511 914 1716 1718 1719 987 1720
1226 5 18 4 9 914 1511 1512 915 1719 1721 1722 988 1723
1227 5 18 4 9 915 1512 1513 916 1722 1724 1725 989 1726
1228 5 18 4 9 916 1513 1514 917 1725 1727 1728 990 1729
1229 5 18 4 9 917 1514 1515 918 1728 1730 1731 991 1732
1230 5 18 4 9 918 1515 1516 919 1731 1733 1734 992 1735
1231 5 18 4 9 919 1516 1435 15 1734 1736 1436 993 1737
1232 3 18 5 9 247 8 250 1444 249 323 1738 1517 1739
1233 3 18 5 9 1444 250 251 1445 1738 324 1740 1520 1741
1234 3 18 5 9 1445 251 252 1446 1740 325 1742 1523 1743
1235 3 18 5 9 1446 252 253 1447 1742 326 1744 1526 1745
1236 3 18 5 9 1447 253 254 1448 1744 327 1746 1529 1747
1237 3 18 5 9 1448 254 255 1449 1746 328 1748 1532 1749
1238 3 18 5 9 1449 255 256 1450 1748 329 1750 1535 1751
1239 3 18 5 9 1450 256 257 1451 1750 330 1752 1538 1753
1240 3 18 5 9 1451 257 258 1452 1752 331 1754 1541 1755
1241 3 18 5 9 1452 258 259 1453 1754 332 1756 1544 1757
1242 3 18 5 9 1453 259 260 1454 1756 333 1758 1547 1759
1243 3 18 5 9 1454 260 261 1455 1758 334 1760 1550 1761
1244 3 18 5 9 1455 261 262 1456 1760 335 1762 1553 1763
1245 3 18 5 9 1456 262 263 1457 1762 336 1764 1556 1765
1246 3 18 5 9 1457 263 264 1458 1764 337 1766 1559 1767
1247 3 18 5 9 1458 264 265 1459 1766 338 1768 1562 1769
1248 3 18 5 9 1459 265 266 1460 1768 339 1770 1565 1771
1249 3 18 5 9 1460 266 267 1461 1770 340 1772 1568 1773
1250 3 18 5 9 1461 267 268 1462 1772 341 1774 1571 1775
1251 3 18 5 9 1462 268 269 1463 1774 342 1776 1574 1777
1252 3 18 5 9 1463 269 270 1464 1776 343 1778 1577 1779
1253 3 18 5 9 1464 270 271 1465 1778 344 1780 1580 1781
1254 3 18 5 9 1465 271 272 1466 1780 345 1782 1583 1783
1255 3 18 5 9 1466 272 273 1467 1782 346 1784 1586 1785
1256 3 18 5 9 1467 273 274 1468 1784 347 1786 1589 1787
1257 3 18 5 9 1468 274 275 1469 1786 348 1788 1592 1789
1258 3 18 5 9 1469 275 276 1470 1788 349 1790 1595 1791
1259 3 18 5 9 1470 276 277 1471 1790 350 1792 1598 1793
1260 3 18 5 9 1471 277 278 1472 1792 351 1794 1601 1795
1261 3 18 5 9 1472 278 279 1473 1794 352 1796 1604 1797
1262 3 18 5 9 1473 279 280 1474 1796 353 1798 1607 1799
1263 3 18 5 9 1474 280 281 1475 1798 354 1800 1610 1801
1264 3 18 5 9 1475 281 282 1476 1800 355 1802 1613 1803
1265 3 18 5 9 1476 282 283 1477 1802 356 1804 1616 1805
1266 3 18 5 9 1477 283 284 1478 1804 357 1806 1619 1807
1267 3 18 5 9 1478 284 285 1479 1806 358 1808 1622 1809
1268 3 18 5 9 1479 285 286 1480 1808 359 1810 1625 1811
1269 3 18 5 9 1480 286 287 1481 1810 360 1812 1628 1813
1270 3 18 5 9 1481 287 288 1482 1812 361 1814 1631 1815
1271 3 18 5 9 1482 288 289 1483 1814 362 1816 1634 1817
1272 3 18 5 9 1483 289 290 1484 1816 363 1818 1637 1819
1273 3 18 5 9 1484 290 291 1485 1818 364 1820 1640 1821
1274 3 18 5 9 1485 291 292 1486 1820 365 1822 1643 1823
1275 3 18 5 9 1486 292 293 1487 1822 366 1824 1646 1825
1276 3 18 5 9 1487 293 294 1488 1824 367 1826 1649 1827
1277 3 18 5 9 1488 294 295 1489 1826 368 1828 1652 1829
1278 3 18 5 9 1489 295 296 1490 1828 369 1830 1655 1831
1279 3 18 5 9 1490 296 297 1491 1830 370 1832 1658 1833
1280 3 18 5 9 1491 297 298 1492 1832 371 1834 1661 1835
1281 3 18 5 9 1492 298 299 1493 1834 372 1836 1664 1837
1282 3 18 5 9 1493 299 300 1494 1836 373 1838 1667 1839
1283 3 18 5 9 1494 300 301 1495 1838 374 1840 1670 1841
1284 3 18 5 9 1495 301 302 1496 1840 375 1842 1673 1843
1285 3 18 5 9 1496 302 303 1497 1842 376 1844 1676 1845
1286 3 18 5 9 1497 303 304 1498 1844 377 1846 1679 1847
1287 3 18 5 9 1498 304 305 1499 1846 378 1848 1682 1849
1288 3 18 5 9 1499 305 306 1500 1848 379 1850 1685 1851
1289 3 18 5 9 1500 306 307 1501 1850 380 1852 1688 1853
1290 3 18 5 9 1501 307 308 1502 1852 381 1854 1691 1855
1291 3 18 5 9 1502 308 309 1503 1854 382 1856 1694 1857
1292 3 18 5 9 1503 309 310 1504 1856 383 1858 1697 1859
1293 3 18 5 9 1504 310 311 1505 1858 384 1860 1700 1861
1294 3 18 5 9 1505 311 312 1506 1860 385 1862 1703 1863
1295 3 18 5 9 1506 312 313 1507 1862 386 1864 1706 1865
1296 3 18 5 9 1507 313 314 1508 1864 387 1866 1709 1867
1297 3 18 5 9 1508 314 315 1509 1866 388 1868 1712 1869
1298 3 18 5 9 1509 315 316 1510 1868 389 1870 1715 1871
1299 3 18 5 9 1510 316 317 1511 1870 390 1872 1718 1873
1300 3 18 5 9 1511 317 318 1512 1872 391 1874 1721 1875
1301 3 18 5 9 1512 318 319 1513 1874 392 1876 1724 1877
1302 3 18 5 9 1513 319 320 1514 1876 393 1878 1727 1879
1303 3 18 5 9 1514 320 321 1515 1878 394 1880 1730 1881
1304 3 18 5 9 1515 321 322 1516 1880 395 1882 1733 1883
1305 3 18 5 9 1516 322 9 1435 1882 396 1437 1736 1884
1306 3 18 5 9 9 397 1885 1435 398 1886 1887 1437 1888
1307 3 18 5 9 1435 1885 1432 15 1887 1889 1434 1436 1890
1308 3 18 5 9 397 10 400 1885 399 401 1891 1886 1892
1309 3 18 5 9 1885 400 11 1432 1891 402 1433 1889 1893
1310 5 18 4 9 15 1432 1894 994 1434 2039 2040 1139 2041
1311 3 18 5 9 1432 11 403 1894 1433 548 2042 2039 2043
1312 5 18 4 9 994 1894 1895 995 2040 2044 2045 1140 2046
1313 3 18 5 9 1894 403 404 1895 2042 549 2047 2044 2048
1314 5 18 4 9 995 1895 1896 996 2045 2049 2050 1141 2051
1315 3 18 5 9 1895 404 405 1896 2047 550 2052 2049 2053
1316 5 18 4 9 996 1896 1897 997 2050 2054 2055 1142 2056
1317 3 18 5 9 1896 405 406 1897 2052 551 2057 2054 2058
1318 5 18 4 9 997 1897 1898 998 2055 2059 2060 1143 2061
1319 3 18 5 9 1897 406 407 1898 2057 552 2062 2059 2063
1320 5 18 4 9 998 1898 1899 999 2060 2064 2065 1144 2066
1321 3 18 5 9 1898 407 408 1899 2062 553 2067 2064 2068
1322 5 18 4 9 999 1899 1900 1000 2065 2069 2070 1145 2071
1323 3 18 5 9 1899 408 409 1900 2067 554 2072 2069 2073
1324 5 18 4 9 1000 1900 1901 1001 2070 2074 2075 1146 2076
1325 3 18 5 9 1900 409 410 1901 2072 555 2077 2074 2078
1326 5 18 4 9 1001 1901 1902 1002 2075 2079 2080 1147 2081
1327 3 18 5 9 1901 410 411 1902 2077 556 2082 2079 2083
1328 5 18 4 9 1002 1902 1903 1003 2080 2084 2085 1148 2086
1329 3 18 5 9 1902 411 412 1903 2082 557 2087 2084 2088
1330 5 18 4 9 1003 1903 1904 1004 2085 2089 2090 1149 2091
1331 3 18 5 9 1903 412 413 1904 2087 558 2092 2089 2093
1332 5 18 4 9 1004 1904 1905 1005 2090 2094 2095 1150 2096
1333 3 18 5 9 1904 413 414 1905 2092 559 2097 2094 2098
1334 5 18 4 9 1005 1905 1906 1006 2095 2099 2100 1151 2101
1335 3 18 5 9 1905 414 415 1906 2097 560 2102 2099 2103
1336 5 18 4 9 1006 1906 1907 1007 2100 2104 2105 1152 2106
1337 3 18 5 9 1906 415 416 1907 2102 561 2107 2104 2108
1338 5 18 4 9 1007 1907 1908 1008 2105 2109 2110 1153 2111
1339 3 18 5 9 1907 416 417 1908 2107 562 2112 2109 2113
1340 5 18 4 9 1008 1908 1909 1009 2110 2114 2115 1154 2116
1341 3 18 5 9 1908 417 418 1909 2112 563 2117 2114 2118
1342 5 18 4 9 1009 1909 1910 1010 2115 2119 2120 1155 2121
1343 3 18 5 9 1909 418 419 1910 2117 564 2122 2119 2123
1344 5 18 4 9 1010 1910 1911 1011 2120 2124 2125 1156 2126
1345 3 18 5 9 1910 419 420 1911 2122 565 2127 2124 2128
1346 5 18 4 9 1011 1911 1912 1012 2125 2129 2130 1157 2131
1347 3 18 5 9 1911 420 421 1912 2127 566 2132 2129 2133
1348 5 18 4 9 1012 1912 1913 1013 2130 2134 2135 1158 2136
1349 3 18 5 9 1912 421 422 1913 2132 567 2137 2134 2138
1350 5 18 4 9 1013 1913 1914 1014 2135 2139 2140 1159 2141
1351 3 18 5 9 1913 422 423 1914 2137 568 2142 2139 2143
1352 5 18 4 9 1014 1914 1915 1015 2140 2144 2145 1160 2146
1353 3 18 5 9 1914 423 424 1915 2142 569 2147 2144 2148
1354 5 18 4 9 1015 1915 1916 1016 2145 2149 2150 1161 2151
1355 3 18 5 9 1915 424 425 1916 2147 570 2152 2149 2153
1356 5 18 4 9 1016 1916 1917 1017 2150 2154 2155 1162 2156
1357 3 18 5 9 1916 425 426 1917 2152 571 2157 2154 2158
1358 5 18 4 9 1017 1917 1918 1018 2155 2159 2160 1163 2161
1359 3 18 5 9 1917 426 427 1918 2157 572 2162 2159 2163
1360 5 18 4 9 1018 1918 1919 1019 2160 2164 2165 1164 2166
1361 3 18 5 9 1918 427 428 1919 2162 573 2167 2164 2168
1362 5 18 4 9 1019 1919 1920 1020 2165 2169 2170 1165 2171
1363 3 18 5 9 1919 428 429 1920 2167 574 2172 2169 2173
1364 5 18 4 9 1020 1920 1921 1021 2170 2174 2175 1166 2176
1365 3 18 5 9 1920 429 430 1921 2172 575 2177 2174 2178
1366 5 18 4 9 1021 1921 1922 1022 2175 2179 2180 1167 2181
1367 3 18 5 9 1921 430 431 1922 2177 576 2182 2179 2183
1368 5 18 4 9 1022 1922 1923 1023 2180 2184 2185 1168 2186
1369 3 18 5 9 1922 431 432 1923 2182 577 2187 2184 2188
1370 5 18 4 9 1023 1923 1924 1024 2185 2189 2190 1169 2191
1371 3 18 5 9 1923 432 433 1924 2187 578 2192 2189 2193
1372 5 18 4 9 1024 1924 1925 1025 2190 2194 2195 1170 2196
1373 3 18 5 9 1924 433 434 1925 2192 579 2197 2194 2198
1374 5 18 4 9 1025 1925 1926 1026 2195 2199 2200 1171 2201
1375 3 18 5 9 1925 434 435 1926 2197 580 2202 2199 2203
1376 5 18 4 9 1026 1926 1927 1027 2200 2204 2205 1172 2206
1377 3 18 5 9 1926 435 436 1927 2202 581 2207 2204 2208
1378 5 18 4 9 1027 1927 1928 1028 2205 2209 2210 1173 2211
1379 3 18 5 9 1927 436 437 1928 2207 582 2212 2209 2213
1380 5 18 4 9 1028 1928 1929 1029 2210 2214 2215 1174 2216
1381 3 18 5 9 1928 437 438 1929 2212 583 2217 2214 2218
1382 5 18 4 9 1029 1929 1930 1030 2215 2219 2220 1175 2221
1383 3 18 5 9 1929 438 439 1930 2217 584 2222 2219 2223
1384 5 18 4 9 1030 1930 1931 1031 2220 2224 2225 1176 2226
1385 3 18 5 9 1930 439 440 1931 2222 585 2227 2224 2228
1386 5 18 4 9 1031 1931 1932 1032 2225 2229 2230 1177 2231
1387 3 18 5 9 1931 440 441 1932 2227 586 2232 2229 2233
1388 5 18 4 9 1032 1932 1933 1033 2230 2234 2235 1178 2236
1389 3 18 5 9 1932 441 442 1933 2232 587 2237 2234 2238
1390 5 18 4 9 1033 1933 1934 1034 2235 2239 2240 1179 2241
1391 3 18 5 9 1933 442 443 1934 2237 588 2242 2239 2243
1392 5 18 4 9 1034 1934 1935 1035 2240 2244 2245 1180 2246
1393 3 18 5 9 1934 443 444 1935 2242 589 2247 2244 2248
1394 5 18 4 9 1035 1935 1936 1036 2245 2249 2250 1181 2251
1395 3 18 5 9 1935 444 445 1936 2247 590 2252 2249 2253
1396 5 18 4 9 1036 1936 1937 1037 2250 2254 2255 1182 2256
1397 3 18 5 9 1936 445 446 1937 2252 591 2257 2254 2258
1398 5 18 4 9 1037 1937 1938 1038 2255 2259 2260 1183 2261
1399 3 18 5 9 1937 446 447 1938 2257 592 2262 2259 2263
1400 5 18 4 9 1038 1938 1939 1039 2260 2264 2265 1184 2266
1401 3 18 5 9 1938 447 448 1939 2262 593 2267 2264 2268
1402 5 18 4 9 1039 1939 1940 1040 2265 2269 2270 1185 2271
1403 3 18 5 9 1939 448 449 1940 2267 594 2272 2269 2273
1404 5 18 4 9 1040 1940 1941 1041 2270 2274 2275 1186 2276
1405 3 18 5 9 1940 449 450 1941 2272 595 2277 2274 2278
1406 5 18 4 9 1041 1941 1942 1042 2275 2279 2280 1187 2281
1407 3 18 5 9 1941 450 451 1942 2277 596 2282 2279 2283
1408 5 18 4 9 1042 1942 1943 1043 2280 2284 2285 1188 2286
1409 3 18 5 9 1942 451 452 1943 2282 597 2287 2284 2288
1410 5 18 4 9 1043 1943 1944 1044 2285 2289 2290 1189 2291
1411 3 18 5 9 1943 452 453 1944 2287 598 2292 2289 2293
1412 5 18 4 9 1044 1944 1945 1045 2290 2294 2295 1190 2296
1413 3 18 5 9 1944 453 454 1945 2292 599 2297 2294 2298
1414 5 18 4 9 1045 1945 1946 1046 2295 2299 2300 1191 2301
1415 3 18 5 9 1945 454 455 1946 2297 600 2302 2299 2303
1416 5 18 4 9 1046 1946 1947 1047 2300 2304 2305 1192 2306
1417 3 18 5 9 1946 455 456 1947 2302 601 2307 2304 2308
1418 5 18 4 9 1047 1947 1948 1048 2305 2309 2310 1193 2311
1419 3 18 5 9 1947 456 457 1948 2307 602 2312 2309 2313
1420 5 18 4 9 1048 1948 1949 1049 2310 2314 2315 1194 2316
1421 3 18 5 9 1948 457 458 1949 2312 603 2317 2314 2318
1422 5 18 4 9 1049 1949 1950 1050 2315 2319 2320 1195 2321
1423 3 18 5 9 1949 458 459 1950 2317 604 2322 2319 2323
1424 5 18 4 9 1050 1950 1951 1051 2320 2324 2325 1196 2326
1425 3 18 5 9 1950 459 460 1951 2322 605 2327 2324 2328
1426 5 18 4 9 1051 1951 1952 1052 2325 2329 2330 1197 2331
1427 3 18 5 9 1951 460 461 1952 2327 606 2332 2329 2333
1428 5 18 4 9 1052 1952 1953 1053 2330 2334 2335 1198 2336
1429 3 18 5 9 1952 461 462 1953 2332 607 2337 2334 2338
1430 5 18 4 9 1053 1953 1954 1054 2335 2339 2340 1199 2341
1431 3 18 5 9 1953 462 463 1954 2337 608 2342 2339 2343
1432 5 18 4 9 1054 1954 1955 1055 2340 2344 2345 1200 2346
1433 3 18 5 9 1954 463 464 1955 2342 609 2347 2344 2348
1434 5 18 4 9 1055 1955 1956 1056 2345 2349 2350 1201 2351
1435 3 18 5 9 1955 464 465 1956 2347 610 2352 2349 2353
1436 5 18 4 9 1056 1956 1957 1057 2350 2354 2355 1202 2356
1437 3 18 5 9 1956 465 466 1957 2352 611 2357 2354 2358
1438 5 18 4 9 1057 1957 1958 1058 2355 2359 2360 1203 2361
1439 3 18 5 9 1957 466 467 1958 2357 612 2362 2359 2363
1440 5 18 4 9 1058 1958 1959 1059 2360 2364 2365 1204 2366
1441 3 18 5 9 1958 467 468 1959 2362 613 2367 2364 2368
1442 5 18 4 9 1059 1959 1960 1060 2365 2369 2370 1205 2371
1443 3 18 5 9 1959 468 469 1960 2367 614 2372 2369 2373
1444 5 18 4 9 1060 1960 1961 1061 2370 2374 2375 1206 2376
1445 3 18 5 9 1960 469 470 1961 2372 615 2377 2374 2378
1446 5 18 4 9 1061 1961 1962 1062 2375 2379 2380 1207 2381
1447 3 18 5 9 1961 470 471 1962 2377 616 2382 2379 2383
1448 5 18 4 9 1062 1962 1963 1063 2380 2384 2385 1208 2386
1449 3 18 5 9 1962 471 472 1963 2382 617 2387 2384 2388
1450 5 18 4 9 1063 1963 1964 1064 2385 2389 2390 1209 2391
1451 3 18 5 9 1963 472 473 1964 2387 618 2392 2389 2393
1452 5 18 4 9 1064 1964 1965 1065 2390 2394 2395 1210 2396
1453 3 18 5 9 1964 473 474 1965 2392 619 2397 2394 2398
1454 5 18 4 9 1065 1965 1966 1066 2395 2399 2400 1211 2401
1455 3 18 5 9 1965 474 475 1966 2397 620 2402 2399 2403
1456 5 18 4 9 1066 1966 1967 1067 2400 2404 2405 1212 2406
1457 3 18 5 9 1966 475 476 1967 2402 621 2407 2404 2408
1458 5 18 4 9 1067 1967 1968 1068 2405 2409 2410 1213 2411
1459 3 18 5 9 1967 476 477 1968 2407 622 2412 2409 2413
1460 5 18 4 9 1068 1968 1969 1069 2410 2414 2415 1214 2416
1461 3 18 5 9 1968 477 478 1969 2412 623 2417 2414 2418
1462 5 18 4 9 1069 1969 1970 1070 2415 2419 2420 1215 2421
1463 3 18 5 9 1969 478 479 1970 2417 624 2422 2419 2423
1464 5 18 4 9 1070 1970 1971 1071 2420 2424 2425 1216 2426
1465 3 18 5 9 1970 479 480 1971 2422 625 2427 2424 2428
1466 5 18 4 9 1071 1971 1972 1072 2425 2429 2430 1217 2431
1467 3 18 5 9 1971 480 481 1972 2427 626 2432 2429 2433
1468 5 18 4 9 1072 1972 1973 1073 2430 2434 2435 1218 2436
1469 3 18 5 9 1972 481 482 1973 2432 627 2437 2434 2438
1470 5 18 4 9 1073 1973 1974 1074 2435 2439 2440 1219 2441
1471 3 18 5 9 1973 482 483 1974 2437 628 2442 2439 2443
1472 5 18 4 9 1074 1974 1975 1075 2440 2444 2445 1220 2446
1473 3 18 5 9 1974 483 484 1975 2442 629 2447 2444 2448
1474 5 18 4 9 1075 1975 1976 1076 2445 2449 2450 1221 2451
1475 3 18 5 9 1975 484 485 1976 2447 630 2452 2449 2453
1476 5 18 4 9 1076 1976 1977 1077 2450 2454 2455 1222 2456
1477 3 18 5 9 1976 485 486 1977 2452 631 2457 2454 2458
1478 5 18 4 9 1077 1977 1978 1078 2455 2459 2460 1223 2461
1479 3 18 5 9 1977 486 487 1978 2457 632 2462 2459 2463
1480 5 18 4 9 1078 1978 1979 1079 2460 2464 2465 1224 2466
1481 3 18 5 9 1978 487 488 1979 2462 633 2467 2464 2468
1482 5 18 4 9 1079 1979 1980 1080 2465 2469 2470 1225 2471
1483 3 18 5 9 1979 488 489 1980 2467 634 2472 2469 2473
1484 5 18 4 9 1080 1980 1981 1081 2470 2474 2475 1226 2476
1485 3 18 5 9 1980 489 490 1981 2472 635 2477 2474 2478
1486 5 18 4 9 1081 1981 1982 1082 2475 2479 2480 1227 2481
1487 3 18 5 9 1981 490 491 1982 2477 636 2482 2479 2483
1488 5 18 4 9 1082 1982 1983 1083 2480 2484 2485 1228 2486
1489 3 18 5 9 1982 491 492 1983 2482 637 2487 2484 2488
1490 5 18 4 9 1083 1983 1984 1084 2485 2489 2490 1229 2491
1491 3 18 5 9 1983 492 493 1984 2487 638 2492 2489 2493
1492 5 18 4 9 1084 1984 1985 1085 2490 2494 2495 1230 2496
1493 3 18 5 9 1984 493 494 1985 2492 639 2497 2494 2498
1494 5 18 4 9 1085 1985 1986 1086 2495 2499 2500 1231 2501
1495 3 18 5 9 1985 494 495 1986 2497 640 2502 2499 2503
1496 5 18 4 9 1086 1986 1987 1087 2500 2504 2505 1232 2506
1497 3 18 5 9 1986 495 496 1987 2502 641 2507 2504 2508
1498 5 18 4 9 1087 1987 1988 1088 2505 2509 2510 1233 2511
1499 3 18 5 9 1987 496 497 1988 2507 642 2512 2509 2513
1500 5 18 4 9 1088 1988 1989 1089 2510 2514 2515 1234 2516
1501 3 18 5 9 1988 497 498 1989 2512 643 2517 2514 2518
1502 5 18 4 9 1089 1989 1990 1090 2515 2519 2520 1235 2521
1503 3 18 5 9 1989 498 499 1990 2517 644 2522 2519 2523
1504 5 18 4 9 1090 1990 1991 1091 2520 2524 2525 1236 2526
1505 3 18 5 9 1990 499 500 1991 2522 645 2527 2524 2528
1506 5 18 4 9 1091 1991 1992 1092 2525 2529 2530 1237 2531
1507 3 18 5 9 1991 500 501 1992 2527 646 2532 2529 2533
1508 5 18 4 9 1092 1992 1993 1093 2530 2534 2535 1238 2536
1509 3 18 5 9 1992 501 502 1993 2532 647 2537 2534 2538
1510 5 18 4 9 1093 1993 1994 1094 2535 2539 2540 1239 2541
1511 3 18 5 9 1993 502 503 1994 2537 648 2542 2539 2543
1512 5 18 4 9 1094 1994 1995 1095 2540 2544 2545 1240 2546
1513 3 18 5 9 1994 503 504 1995 2542 649 2547 2544 2548
1514 5 18 4 9 1095 1995 1996 1096 2545 2549 2550 1241 2551
1515 3 18 5 9 1995 504 505 1996 2547 650 2552 2549 2553
1516 5 18 4 9 1096 1996 1997 1097 2550 2554 2555 1242 2556
1517 3 18 5 9 1996 505 506 1997 2552 651 2557 2554 2558
1518 5 18 4 9 1097 1997 1998 1098 2555 2559 2560 1243 2561
1519 3 18 5 9 1997 506 507 1998 2557 652 2562 2559 2563
1520 5 18 4 9 1098 1998 1999 1099 2560 2564 2565 1244 2566
1521 3 18 5 9 1998 507 508 1999 2562 653 2567 2564 2568
1522 5 18 4 9 1099 1999 2000 1100 2565 2569 2570 1245 2571
1523 3 18 5 9 1999 508 509 2000 2567 654 2572 2569 2573
1524 5 18 4 9 1100 2000 2001 1101 2570 2574 2575 1246 2576
1525 3 18 5 9 2000 509 510 2001 2572 655 2577 2574 2578
1526 5 18 4 9 1101 2001 2002 1102 2575 2579 2580 1247 2581
1527 3 18 5 9 2001 510 511 2002 2577 656 2582 2579 2583
1528 5 18 4 9 1102 2002 2003 1103 2580 2584 2585 1248 2586
1529 3 18 5 9 2002 511 512 2003 2582 657 2587 2584 2588
1530 5 18 4 9 1103 2003 2004 1104 2585 2589 2590 1249 2591
1531 3 18 5 9 2003 512 513 2004 2587 658 2592 2589 2593
1532 5 18 4 9 1104 2004 2005 1105 2590 2594 2595 1250 2596
1533 3 18 5 9 2004 513 514 2005 2592 659 2597 2594 2598
1534 5 18 4 9 1105 2005 2006 1106 2595 2599 2600 1251 2601
1535 3 18 5 9 2005 514 515 2006 2597 660 2602 2599 2603
1536 5 18 4 9 1106 2006 2007 1107 2600 2604 2605 1252 2606
1537 3 18 5 9 2006 515 516 2007 2602 661 2607 2604 2608
1538 5 18 4 9 1107 2007 2008 1108 2605 2609 2610 1253 2611
1539 3 18 5 9 2007 516 517 2008 2607 662 2612 2609 2613
1540 5 18 4 9 1108 2008 2009 1109 2610 2614 2615 1254 2616
1541 3 18 5 9 2008 517 518 2009 2612 663 2617 2614 2618
1542 5 18 4 9 1109 2009 2010 1110 2615 2619 2620 1255 2621
1543 3 18 5 9 2009 518 519 2010 2617 664 2622 2619 2623
1544 5 18 4 9 1110 2010 2011 1111 2620 2624 2625 1256 2626
1545 3 18 5 9 2010 519 520 2011 2622 665 2627 2624 2628
1546 5 18 4 9 1111 2011 2012 1112 2625 2629 2630 1257 2631
1547 3 18 5 9 2011 520 521 2012 2627 666 2632 2629 2633
1548 5 18 4 9 1112 2012 2013 1113 2630 2634 2635 1258 2636
1549 3 18 5 9 2012 521 522 2013 2632 667 2637 2634 2638
1550 5 18 4 9 1113 2013 2014 1114 2635 2639 2640 1259 2641
1551 3 18 5 9 2013 522 523 2014 2637 668 2642 2639 2643
1552 5 18 4 9 1114 2014 2015 1115 2640 2644 2645 1260 2646
1553 3 18 5 9 2014 523 524 2015 2642 669 2647 2644 2648
1554 5 18 4 9 1115 2015 2016 1116 2645 2649 2650 1261 2651
1555 3 18 5 9 2015 524 525 2016 2647 670 2652 2649 2653
1556 5 18 4 9 1116 2016 2017 1117 2650 2654 2655 1262 2656
1557 3 18 5 9 2016 525 526 2017 2652 671 2657 2654 2658
1558 5 18 4 9 1117 2017 2018 1118 2655 2659 2660 1263 2661
1559 3 18 5 9 2017 526 527 2018 2657 672 2662 2659 2663
1560 5 18 4 9 1118 2018 2019 1119 2660 2664 2665 1264 2666
1561 3 18 5 9 2018 527 528 2019 2662 673 2667 2664 2668
1562 5 18 4 9 1119 2019 2020 1120 2665 2669 2670 1265 2671
1563 3 18 5 9 2019 528 529 2020 2667 674 2672 2669 2673
1564 5 18 4 9 1120 2020 2021 1121 2670 2674 2675 1266 2676
1565 3 18 5 9 2020 529 530 2021 2672 675 2677 2674 2678
1566 5 18 4 9 1121 2021 2022 1122 2675 2679 2680 1267 2681
1567 3 18 5 9 2021 530 531 2022 2677 676 2682 2679 2683
1568 5 18 4 9 1122 2022 2023 1123 2680 2684 2685 1268 2686
1569 3 18 5 9 2022 531 532 2023 2682 677 2687 2684 2688
1570 5 18 4 9 1123 2023 2024 1124 2685 2689 2690 1269 2691
1571 3 18 5 9 2023 532 533 2024 2687 678 2692 2689 2693
1572 5 18 4 9 1124 2024 2025 1125 2690 2694 2695 1270 2696
1573 3 18 5 9 2024 533 534 2025 2692 679 2697 2694 2698
1574 5 18 4 9 1125 2025 2026 1126 2695 2699 2700 1271 2701
1575 3 18 5 9 2025 534 535 2026 2697 680 2702 2699 2703
1576 5 18 4 9 1126 2026 2027 1127 2700 2704 2705 1272 2706
1577 3 18 5 9 2026 535 536 2027 2702 681 2707 2704 2708
1578 5 18 4 9 1127 2027 2028 1128 2705 2709 2710 1273 2711
1579 3 18 5 9 2027 536 537 2028 2707 682 2712 2709 2713
1580 5 18 4 9 1128 2028 2029 1129 2710 2714 2715 1274 2716
1581 3 18 5 9 2028 537 538 2029 2712 683 2717 2714 2718
1582 5 18 4 9 1129 2029 2030 1130 2715 2719 2720 1275 2721
1583 3 18 5 9 2029 538 539 2030 2717 684 2722 2719 2723
1584 5 18 4 9 1130 2030 2031 1131 2720 2724 2725 1276 2726
1585 3 18 5 9 2030 539 540 2031 2722 685 2727 2724 2728
1586 5 18 4 9 1131 2031 2032 1132 2725 2729 2730 1277 2731
1587 3 18 5 9 2031 540 541 2032 2727 686 2732 2729 2733
1588 5 18 4 9 1132 2032 2033 1133 2730 2734 2735 1278 2736
1589 3 18 5 9 2032 541 542 2033 2732 687 2737 2734 2738
1590 5 18 4 9 1133 2033 2034 1134 2735 2739 2740 1279 2741
1591 3 18 5 9 2033 542 543 2034 2737 688 2742 2739 2743
1592 5 18 4 9 1134 2034 2035 1135 2740 2744 2745 1280 2746
1593 3 18 5 9 2034 543 544 2035 2742 689 2747 2744 2748
1594 5 18 4 9 1135 2035 2036 1136 2745 2749 2750 1281 2751
1595 3 18 5 9 2035 544 545 2036 2747 690 2752 2749 2753
1596 5 18 4 9 1136 2036 2037 1137 2750 2754 2755 1282 2756
1597 3 18 5 9 2036 545 546 2037 2752 691 2757 2754 2758
1598 5 18 4 9 1137 2037 2038 1138 2755 2759 2760 1283 2761
1599 3 18 5 9 2037 546 547 2038 2757 692 2762 2759 2763
1600 5 18 4 9 1138 2038 1441 16 2760 2764 1442 1284 2765
1601 3 18 5 9 2038 547 12 1441 2762 693 1443 2764 2766
1602 3 18 5 9 12 694 2767 1441 695 2768 2769 1443 2770
1603 3 18 5 9 1441 2767 1438 16 2769 2771 1440 1442 2772
1604 3 18 5 9 694 13 697 2767 696 698 2773 2768 2774
1605 3 18 5 9 2767 697 14 1438 2773 699 1439 2771 2775
1606 3 18 5 9 1 17 2776 772 18 2849 2850 846 2851
1607 3 18 5 9 772 2776 2777 771 2850 2852 2853 845 2854
1608 3 18 5 9 771 2777 2778 770 2853 2855 2856 844 2857
1609 3 18 5 9 770 2778 2779 769 2856 2858 2859 843 2860
1610 3 18 5 9 769 2779 2780 768 2859 2861 2862 842 2863
1611 3 18 5 9 768 2780 2781 767 2862 2864 2865 841 2866
1612 3 18 5 9 767 2781 2782 766 2865 2867 2868 840 2869
1613 3 18 5 9 766 2782 2783 765 2868 2870 2871 839 2872
1614 3 18 5 9 765 2783 2784 764 2871 2873 2874 838 2875
1615 3 18 5 9 764 2784 2785 763 2874 2876 2877 837 2878
1616 3 18 5 9 763 2785 2786 762 2877 2879 2880 836 2881
1617 3 18 5 9 762 2786 2787 761 2880 2882 2883 835 2884
1618 3 18 5 9 761 2787 2788 760 2883 2885 2886 834 2887
1619 3 18 5 9 760 2788 2789 759 2886 2888 2889 833 2890
1620 3 18 5 9 759 2789 2790 758 2889 2891 2892 832 2893
1621 3 18 5 9 758 2790 2791 757 2892 2894 2895 831 2896
1622 3 18 5 9 757 2791 2792 756 2895 2897 2898 830 2899
1623 3 18 5 9 756 2792 2793 755 2898 2900 2901 829 2902
1624 3 18 5 9 755 2793 2794 754 2901 2903 2904 828 2905
1625 3 18 5 9 754 2794 2795 753 2904 2906 2907 827 2908
1626 3 18 5 9 753 2795 2796 752 2907 2909 2910 826 2911
1627 3 18 5 9 752 2796 2797 751 2910 2912 2913 825 2914
1628 3 18 5 9 751 2797 2798 750 2913 2915 2916 824 2917
1629 3 18 5 9 750 2798 2799 749 2916 2918 2919 823 2920
1630 3 18 5 9 749 2799 2800 748 2919 2921 2922 822 2923
1631 3 18 5 9 748 2800 2801 747 2922 2924 2925 821 2926
1632 3 18 5 9 747 2801 2802 746 2925 2927 2928 820 2929
1633 3 18 5 9 746 2802 2803 745 2928 2930 2931 819 2932
1634 3 18 5 9 745 2803 2804 744 2931 2933 2934 818 2935
1635 3 18 5 9 744 2804 2805 743 2934 2936 2937 817 2938
1636 3 18 5 9 743 2805 2806 742 2937 2939 2940 816 2941
1637 3 18 5 9 742 2806 2807 741 2940 2942 2943 815 2944
1638 3 18 5 9 741 2807 2808 740 2943 2945 2946 814 2947
1639 3 18 5 9 740 2808 2809 739 2946 2948 2949 813 2950
1640 3 18 5 9 739 2809 2810 738 2949 2951 2952 812 2953
1641 3 18 5 9 738 2810 2811 737 2952 2954 2955 811 2956
1642 3 18 5 9 737 2811 2812 736 2955 2957 2958 810 2959
1643 3 18 5 9 736 2812 2813 735 2958 2960 2961 809 2962
1644 3 18 5 9 735 2813 2814 734 2961 2963 2964 808 2965
1645 3 18 5 9 734 2814 2815 733 2964 2966 2967 807 2968
1646 3 18 5 9 733 2815 2816 732 2967 2969 2970 806 2971
1647 3 18 5 9 732 2816 2817 731 2970 2972 2973 805 2974
1648 3 18 5 9 731 2817 2818 730 2973 2975 2976 804 2977
1649 3 18 5 9 730 2818 2819 729 2976 2978 2979 803 2980
1650 3 18 5 9 729 2819 2820 728 2979 2981 2982 802 2983
1651 3 18 5 9 728 2820 2821 727 2982 2984 2985 801 2986
1652 3 18 5 9 727 2821 2822 726 2985 2987 2988 800 2989
1653 3 18 5 9 726 2822 2823 725 2988 2990 2991 799 2992
1654 3 18 5 9 725 2823 2824 724 2991 2993 2994 798 2995
1655 3 18 5 9 724 2824 2825 723 2994 2996 2997 797 2998
1656 3 18 5 9 723 2825 2826 722 2997 2999 3000 796 3001
1657 3 18 5 9 722 2826 2827 721 3000 3002 3003 795 3004
1658 3 18 5 9 721 2827 2828 720 3003 3005 3006 794 3007
1659 3 18 5 9 720 2828 2829 719 3006 3008 3009 793 3010
1660 3 18 5 9 719 2829 2830 718 3009 3011 3012 792 3013
1661 3 18 5 9 718 2830 2831 717 3012 3014 3015 791 3016
1662 3 18 5 9 717 2831 2832 716 3015 3017 3018 790 3019
1663 3 18 5 9 716 2832 2833 715 3018 3020 3021 789 3022
1664 3 18 5 9 715 2833 2834 714 3021 3023 3024 788 3025
1665 3 18 5 9 714 2834 2835 713 3024 3026 3027 787 3028
1666 3 18 5 9 713 2835 2836 712 3027 3029 3030 786 3031
1667 3 18 5 9 712 2836 2837 711 3030 3032 3033 785 3034
1668 3 18 5 9 711 2837 2838 710 3033 3035 3036 784 3037
1669 3 18 5 9 710 2838 2839 709 3036 3038 3039 783 3040
1670 3 18 5 9 709 2839 2840 708 3039 3041 3042 782 3043
1671 3 18 5 9 708 2840 2841 707 3042 3044 3045 781 3046
1672 3 18 5 9 707 2841 2842 706 3045 3047 3048 780 3049
1673 3 18 5 9 706 2842 2843 705 3048 3050 3051 779 3052
1674 3 18 5 9 705 2843 2844 704 3051 3053 3054 778 3055
1675 3 18 5 9 704 2844 2845 703 3054 3056 3057 777 3058
1676 3 18 5 9 703 2845 2846 702 3057 3059 3060 776 3061
1677 3 18 5 9 702 2846 2847 701 3060 3062 3063 775 3064
1678 3 18 5 9 701 2847 2848 700 3063 3065 3066 774 3067
1679 3 18 5 9 700 2848 1438 14 3066 3068 1439 773 3069
1680 5 18 2 9 17 2 1357 2776 19 1431 3070 2849 3071
1681 5 18 2 9 2776 1357 1356 2777 3070 1430 3072 2852 3073
1682 5 18 2 9 2777 1356 1355 2778 3072 1429 3074 2855 3075
1683 5 18 2 9 2778 1355 1354 2779 3074 1428 3076 2858 3077
1684 5 18 2 9 2779 1354 1353 2780 3076 1427 3078 2861 3079
1685 5 18 2 9 2780 1353 1352 2781 3078 1426 3080 2864 3081
1686 5 18 2 9 2781 1352 1351 2782 3080 1425 3082 2867 3083
1687 5 18 2 9 2782 1351 1350 2783 3082 1424 3084 2870 3085
1688 5 18 2 9 2783 1350 1349 2784 3084 1423 3086 2873 3087
1689 5 18 2 9 2784 1349 1348 2785 3086 1422 3088 2876 3089
1690 5 18 2 9 2785 1348 1347 2786 3088 1421 3090 2879 3091
1691 5 18 2 9 2786 1347 1346 2787 3090 1420 3092 2882 3093
1692 5 18 2 9 2787 1346 1345 2788 3092 1419 3094 2885 3095
1693 5 18 2 9 2788 1345 1344 2789 3094 1418 3096 2888 3097
1694 5 18 2 9 2789 1344 1343 2790 3096 1417 3098 2891 3099
1695 5 18 2 9 2790 1343 1342 2791 3098 1416 3100 2894 3101
1696 5 18 2 9 2791 1342 1341 2792 3100 1415 3102 2897 3103
1697 5 18 2 9 2792 1341 1340 2793 3102 1414 3104 2900 3105
1698 5 18 2 9 2793 1340 1339 2794 3104 1413 3106 2903 3107
1699 5 18 2 9 2794 1339 1338 2795 3106 1412 3108 2906 3109
1700 5 18 2 9 2795 1338 1337 2796 3108 1411 3110 2909 3111
1701 5 18 2 9 2796 1337 1336 2797 3110 1410 3112 2912 3113
1702 5 18 2 9 2797 1336 1335 2798 3112 1409 3114 2915 3115
1703 5 18 2 9 2798 1335 1334 2799 3114 1408 3116 2918 3117
1704 5 18 2 9 2799 1334 1333 2800 3116 1407 3118 2921 3119
1705 5 18 2 9 2800 1333 1332 2801 3118 1406 3120 2924 3121
1706 5 18 2 9 2801 1332 1331 2802 3120 1405 3122 2927 3123
1707 5 18 2 9 2802 1331 1330 2803 3122 1404 3124 2930 3125
1708 5 18 2 9 2803 1330 1329 2804 3124 1403 3126 2933 3127
1709 5 18 2 9 2804 1329 1328 2805 3126 1402 3128 2936 3129
1710 5 18 2 9 2805 1328 1327 2806 3128 1401 3130 2939 3131
1711 5 18 2 9 2806 1327 1326 2807 3130 1400 3132 2942 3133
1712 5 18 2 9 2807 1326 1325 2808 3132 1399 3134 2945 3135
1713 5 18 2 9 2808 1325 1324 2809 3134 1398 3136 2948 3137
1714 5 18 2 9 2809 1324 1323 2810 3136 1397 3138 2951 3139
1715 5 18 2 9 2810 1323 1322 2811 3138 1396 3140 2954 3141
1716 5 18 2 9 2811 1322 1321 2812 3140 1395 3142 2957 3143
1717 5 18 2 9 2812 1321 1320 2813 3142 1394 3144 2960 3145
1718 5 18 2 9 2813 1320 1319 2814 3144 1393 3146 2963 3147
1719 5 18 2 9 2814 1319 1318 2815 3146 1392 3148 2966 3149
1720 5 18 2 9 2815 1318 1317 2816 3148 1391 3150 2969 3151
1721 5 18 2 9 2816 1317 1316 2817 3150 1390 3152 2972 3153
1722 5 18 2 9 2817 1316 1315 2818 3152 1389 3154 2975 3155
1723 5 18 2 9 2818 1315 1314 2819 3154 1388 3156 2978 3157
1724 5 18 2 9 2819 1314 1313 2820 3156 1387 3158 2981 3159
1725 5 18 2 9 2820 1313 1312 2821 3158 1386 3160 2984 3161
1726 5 18 2 9 2821 1312 1311 2822 3160 1385 3162 2987 3163
1727 5 18 2 9 2822 1311 1310 2823 3162 1384 3164 2990 3165
1728 5 18 2 9 2823 1310 1309 2824 3164 1383 3166 2993 3167
1729 5 18 2 9 2824 1309 1308 2825 3166 1382 3168 2996 3169
1730 5 18 2 9 2825 1308 1307 2826 3168 1381 3170 2999 3171
1731 5 18 2 9 2826 1307 1306 2827 3170 1380 3172 3002 3173
1732 5 18 2 9 2827 1306 1305 2828 3172 1379 3174 3005 3175
1733 5 18 2 9 2828 1305 1304 2829 3174 1378 3176 3008 3177
1734 5 18 2 9 2829 1304 1303 2830 3176 1377 3178 3011 3179
1735 5 18 2 9 2830 1303 1302 2831 3178 1376 3180 3014 3181
1736 5 18 2 9 2831 1302 1301 2832 3180 1375 3182 3017 3183
1737 5 18 2 9 2832 1301 1300 2833 3182 1374 3184 3020 3185
1738 5 18 2 9 2833 1300 1299 2834 3184 1373 3186 3023 3187
1739 5 18 2 9 2834 1299 1298 2835 3186 1372 3188 3026 3189
1740 5 18 2 9 2835 1298 1297 2836 3188 1371 3190 3029 3191
1741 5 18 2 9 2836 1297 1296 2837 3190 1370 3192 3032 3193
1742 5 18 2 9 2837 1296 1295 2838 3192 1369 3194 3035 3195
1743 5 18 2 9 2838 1295 1294 2839 3194 1368 3196 3038 3197
1744 5 18 2 9 2839 1294 1293 2840 3196 1367 3198 3041 3199
1745 5 18 2 9 2840 1293 1292 2841 3198 1366 3200 3044 3201
1746 5 18 2 9 2841 1292 1291 2842 3200 1365 3202 3047 3203
1747 5 18 2 9 2842 1291 1290 2843 3202 1364 3204 3050 3205
1748 5 18 2 9 2843 1290 1289 2844 3204 1363 3206 3053 3207
1749 5 18 2 9 2844 1289 1288 2845 3206 1362 3208 3056 3209
1750 5 18 2 9 2845 1288 1287 2846 3208 1361 3210 3059 3211
1751 5 18 2 9 2846 1287 1286 2847 3210 1360 3212 3062 3213
1752 5 18 2 9 2847 1286 1285 2848 3212 1359 3214 3065 3215
1753 5 18 2 9 2848 1285 16 1438 3214 1358 1440 3068 3216
