1754 7 6 6 3 250 323 8
1755 7 6 6 3 251 324 250
1756 7 6 6 3 252 325 251
1757 7 6 6 3 253 326 252
1758 7 6 6 3 254 327 253
1759 7 6 6 3 255 328 254
1760 7 6 6 3 256 329 255
1761 7 6 6 3 257 330 256
1762 7 6 6 3 258 331 257
1763 7 6 6 3 259 332 258
1764 7 6 6 3 260 333 259
1765 7 6 6 3 261 334 260
1766 7 6 6 3 262 335 261
1767 7 6 6 3 263 336 262
1768 7 6 6 3 264 337 263
1769 7 6 6 3 265 338 264
1770 7 6 6 3 266 339 265
1771 7 6 6 3 267 340 266
1772 7 6 6 3 268 341 267
1773 7 6 6 3 269 342 268
1774 7 6 6 3 270 343 269
1775 7 6 6 3 271 344 270
1776 7 6 6 3 272 345 271
1777 7 6 6 3 273 346 272
1778 7 6 6 3 274 347 273
1779 7 6 6 3 275 348 274
1780 7 6 6 3 276 349 275
1781 7 6 6 3 277 350 276
1782 7 6 6 3 278 351 277
1783 7 6 6 3 279 352 278
1784 7 6 6 3 280 353 279
1785 7 6 6 3 281 354 280
1786 7 6 6 3 282 355 281
1787 7 6 6 3 283 356 282
1788 7 6 6 3 284 357 283
1789 7 6 6 3 285 358 284
1790 7 6 6 3 286 359 285
1791 7 6 6 3 287 360 286
1792 7 6 6 3 288 361 287
1793 7 6 6 3 289 362 288
1794 7 6 6 3 290 363 289
1795 7 6 6 3 291 364 290
1796 7 6 6 3 292 365 291
1797 7 6 6 3 293 366 292
1798 7 6 6 3 294 367 293
1799 7 6 6 3 295 368 294
1800 7 6 6 3 296 369 295
1801 7 6 6 3 297 370 296
1802 7 6 6 3 298 371 297
1803 7 6 6 3 299 372 298
1804 7 6 6 3 300 373 299
1805 7 6 6 3 301 374 300
1806 7 6 6 3 302 375 301
1807 7 6 6 3 303 376 302
1808 7 6 6 3 304 377 303
1809 7 6 6 3 305 378 304
1810 7 6 6 3 306 379 305
1811 7 6 6 3 307 380 306
1812 7 6 6 3 308 381 307
1813 7 6 6 3 309 382 308
1814 7 6 6 3 310 383 309
1815 7 6 6 3 311 384 310
1816 7 6 6 3 312 385 311
1817 7 6 6 3 313 386 312
1818 7 6 6 3 314 387 313
1819 7 6 6 3 315 388 314
1820 7 6 6 3 316 389 315
1821 7 6 6 3 317 390 316
1822 7 6 6 3 318 391 317
1823 7 6 6 3 319 392 318
1824 7 6 6 3 320 393 319
1825 7 6 6 3 321 394 320
1826 7 6 6 3 322 395 321
1827 7 6 6 3 9 396 322
1828 7 6 6 3 397 398 9
1829 7 6 6 3 10 399 397
1830 7 6 6 3 400 401 10
1831 7 6 6 3 11 402 400
1832 7 6 6 3 403 548 11
1833 7 6 6 3 404 549 403
1834 7 6 6 3 405 550 404
1835 7 6 6 3 406 551 405
1836 7 6 6 3 407 552 406
1837 7 6 6 3 408 553 407
1838 7 6 6 3 409 554 408
1839 7 6 6 3 410 555 409
1840 7 6 6 3 411 556 410
1841 7 6 6 3 412 557 411
1842 7 6 6 3 413 558 412
1843 7 6 6 3 414 559 413
1844 7 6 6 3 415 560 414
1845 7 6 6 3 416 561 415
1846 7 6 6 3 417 562 416
1847 7 6 6 3 418 563 417
1848 7 6 6 3 419 564 418
1849 7 6 6 3 420 565 419
1850 7 6 6 3 421 566 420
1851 7 6 6 3 422 567 421
1852 7 6 6 3 423 568 422
1853 7 6 6 3 424 569 423
1854 7 6 6 3 425 570 424
1855 7 6 6 3 426 571 425
1856 7 6 6 3 427 572 426
1857 7 6 6 3 428 573 427
1858 7 6 6 3 429 574 428
1859 7 6 6 3 430 575 429
1860 7 6 6 3 431 576 430
1861 7 6 6 3 432 577 431
1862 7 6 6 3 433 578 432
1863 7 6 6 3 434 579 433
1864 7 6 6 3 435 580 434
1865 7 6 6 3 436 581 435
1866 7 6 6 3 437 582 436
1867 7 6 6 3 438 583 437
1868 7 6 6 3 439 584 438
1869 7 6 6 3 440 585 439
1870 7 6 6 3 441 586 440
1871 7 6 6 3 442 587 441
1872 7 6 6 3 443 588 442
1873 7 6 6 3 444 589 443
1874 7 6 6 3 445 590 444
1875 7 6 6 3 446 591 445
1876 7 6 6 3 447 592 446
1877 7 6 6 3 448 593 447
1878 7 6 6 3 449 594 448
1879 7 6 6 3 450 595 449
1880 7 6 6 3 451 596 450
1881 7 6 6 3 452 597 451
1882 7 6 6 3 453 598 452
1883 7 6 6 3 454 599 453
1884 7 6 6 3 455 600 454
1885 7 6 6 3 456 601 455
1886 7 6 6 3 457 602 456
1887 7 6 6 3 458 603 457
1888 7 6 6 3 459 604 458
1889 7 6 6 3 460 605 459
1890 7 6 6 3 461 606 460
1891 7 6 6 3 462 607 461
1892 7 6 6 3 463 608 462
1893 7 6 6 3 464 609 463
1894 7 6 6 3 465 610 464
1895 7 6 6 3 466 611 465
1896 7 6 6 3 467 612 466
1897 7 6 6 3 468 613 467
1898 7 6 6 3 469 614 468
1899 7 6 6 3 470 615 469
1900 7 6 6 3 471 616 470
1901 7 6 6 3 472 617 471
1902 7 6 6 3 473 618 472
1903 7 6 6 3 474 619 473
1904 7 6 6 3 475 620 474
1905 7 6 6 3 476 621 475
1906 7 6 6 3 477 622 476
1907 7 6 6 3 478 623 477
1908 7 6 6 3 479 624 478
1909 7 6 6 3 480 625 479
1910 7 6 6 3 481 626 480
1911 7 6 6 3 482 627 481
1912 7 6 6 3 483 628 482
1913 7 6 6 3 484 629 483
1914 7 6 6 3 485 630 484
1915 7 6 6 3 486 631 485
1916 7 6 6 3 487 632 486
1917 7 6 6 3 488 633 487
1918 7 6 6 3 489 634 488
1919 7 6 6 3 490 635 489
1920 7 6 6 3 491 636 490
1921 7 6 6 3 492 637 491
1922 7 6 6 3 493 638 492
1923 7 6 6 3 494 639 493
1924 7 6 6 3 495 640 494
1925 7 6 6 3 496 641 495
1926 7 6 6 3 497 642 496
1927 7 6 6 3 498 643 497
1928 7 6 6 3 499 644 498
1929 7 6 6 3 500 645 499
1930 7 6 6 3 501 646 500
1931 7 6 6 3 502 647 501
1932 7 6 6 3 503 648 502
1933 7 6 6 3 504 649 503
1934 7 6 6 3 505 650 504
1935 7 6 6 3 506 651 505
1936 7 6 6 3 507 652 506
1937 7 6 6 3 508 653 507
1938 7 6 6 3 509 654 508
1939 7 6 6 3 510 655 509
1940 7 6 6 3 511 656 510
1941 7 6 6 3 512 657 511
1942 7 6 6 3 513 658 512
1943 7 6 6 3 514 659 513
1944 7 6 6 3 515 660 514
1945 7 6 6 3 516 661 515
1946 7 6 6 3 517 662 516
1947 7 6 6 3 518 663 517
1948 7 6 6 3 519 664 518
1949 7 6 6 3 520 665 519
1950 7 6 6 3 521 666 520
1951 7 6 6 3 522 667 521
1952 7 6 6 3 523 668 522
1953 7 6 6 3 524 669 523
1954 7 6 6 3 525 670 524
1955 7 6 6 3 526 671 525
1956 7 6 6 3 527 672 526
1957 7 6 6 3 528 673 527
1958 7 6 6 3 529 674 528
1959 7 6 6 3 530 675 529
1960 7 6 6 3 531 676 530
1961 7 6 6 3 532 677 531
1962 7 6 6 3 533 678 532
1963 7 6 6 3 534 679 533
1964 7 6 6 3 535 680 534
1965 7 6 6 3 536 681 535
1966 7 6 6 3 537 682 536
1967 7 6 6 3 538 683 537
1968 7 6 6 3 539 684 538
1969 7 6 6 3 540 685 539
1970 7 6 6 3 541 686 540
1971 7 6 6 3 542 687 541
1972 7 6 6 3 543 688 542
1973 7 6 6 3 544 689 543
1974 7 6 6 3 545 690 544
1975 7 6 6 3 546 691 545
1976 7 6 6 3 547 692 546
1977 7 6 6 3 12 693 547
1978 7 6 6 3 694 695 12
1979 7 6 6 3 13 696 694
1980 7 6 6 3 697 698 13
1981 7 6 6 3 14 699 697
1982 7 6 6 3 700 773 14
1983 7 6 6 3 701 774 700
1984 7 6 6 3 702 775 701
1985 7 6 6 3 703 776 702
1986 7 6 6 3 704 777 703
1987 7 6 6 3 705 778 704
1988 7 6 6 3 706 779 705
1989 7 6 6 3 707 780 706
1990 7 6 6 3 708 781 707
1991 7 6 6 3 709 782 708
1992 7 6 6 3 710 783 709
1993 7 6 6 3 711 784 710
1994 7 6 6 3 712 785 711
1995 7 6 6 3 713 786 712
1996 7 6 6 3 714 787 713
1997 7 6 6 3 715 788 714
1998 7 6 6 3 716 789 715
1999 7 6 6 3 717 790 716
2000 7 6 6 3 718 791 717
2001 7 6 6 3 719 792 718
2002 7 6 6 3 720 793 719
2003 7 6 6 3 721 794 720
2004 7 6 6 3 722 795 721
2005 7 6 6 3 723 796 722
2006 7 6 6 3 724 797 723
2007 7 6 6 3 725 798 724
2008 7 6 6 3 726 799 725
2009 7 6 6 3 727 800 726
2010 7 6 6 3 728 801 727
2011 7 6 6 3 729 802 728
2012 7 6 6 3 730 803 729
2013 7 6 6 3 731 804 730
2014 7 6 6 3 732 805 731
2015 7 6 6 3 733 806 732
2016 7 6 6 3 734 807 733
2017 7 6 6 3 735 808 734
2018 7 6 6 3 736 809 735
2019 7 6 6 3 737 810 736
2020 7 6 6 3 738 811 737
2021 7 6 6 3 739 812 738
2022 7 6 6 3 740 813 739
2023 7 6 6 3 741 814 740
2024 7 6 6 3 742 815 741
2025 7 6 6 3 743 816 742
2026 7 6 6 3 744 817 743
2027 7 6 6 3 745 818 744
2028 7 6 6 3 746 819 745
2029 7 6 6 3 747 820 746
2030 7 6 6 3 748 821 747
2031 7 6 6 3 749 822 748
2032 7 6 6 3 750 823 749
2033 7 6 6 3 751 824 750
2034 7 6 6 3 752 825 751
2035 7 6 6 3 753 826 752
2036 7 6 6 3 754 827 753
2037 7 6 6 3 755 828 754
2038 7 6 6 3 756 829 755
2039 7 6 6 3 757 830 756
2040 7 6 6 3 758 831 757
2041 7 6 6 3 759 832 758
2042 7 6 6 3 760 833 759
2043 7 6 6 3 761 834 760
2044 7 6 6 3 762 835 761
2045 7 6 6 3 763 836 762
2046 7 6 6 3 764 837 763
2047 7 6 6 3 765 838 764
2048 7 6 6 3 766 839 765
2049 7 6 6 3 767 840 766
2050 7 6 6 3 768 841 767
2051 7 6 6 3 769 842 768
2052 7 6 6 3 770 843 769
2053 7 6 6 3 771 844 770
2054 7 6 6 3 772 845 771
2055 7 6 6 3 1 846 772
