4890 7 6 6 3 174 219 8
4891 7 6 6 3 175 220 174
4892 7 6 6 3 176 221 175
4893 7 6 6 3 177 222 176
4894 7 6 6 3 178 223 177
4895 7 6 6 3 179 224 178
4896 7 6 6 3 180 225 179
4897 7 6 6 3 181 226 180
4898 7 6 6 3 182 227 181
4899 7 6 6 3 183 228 182
4900 7 6 6 3 184 229 183
4901 7 6 6 3 185 230 184
4902 7 6 6 3 186 231 185
4903 7 6 6 3 187 232 186
4904 7 6 6 3 188 233 187
4905 7 6 6 3 189 234 188
4906 7 6 6 3 190 235 189
4907 7 6 6 3 191 236 190
4908 7 6 6 3 192 237 191
4909 7 6 6 3 193 238 192
4910 7 6 6 3 194 239 193
4911 7 6 6 3 195 240 194
4912 7 6 6 3 196 241 195
4913 7 6 6 3 197 242 196
4914 7 6 6 3 198 243 197
4915 7 6 6 3 199 244 198
4916 7 6 6 3 200 245 199
4917 7 6 6 3 201 246 200
4918 7 6 6 3 202 247 201
4919 7 6 6 3 203 248 202
4920 7 6 6 3 204 249 203
4921 7 6 6 3 205 250 204
4922 7 6 6 3 206 251 205
4923 7 6 6 3 207 252 206
4924 7 6 6 3 208 253 207
4925 7 6 6 3 209 254 208
4926 7 6 6 3 210 255 209
4927 7 6 6 3 211 256 210
4928 7 6 6 3 212 257 211
4929 7 6 6 3 213 258 212
4930 7 6 6 3 214 259 213
4931 7 6 6 3 215 260 214
4932 7 6 6 3 216 261 215
4933 7 6 6 3 217 262 216
4934 7 6 6 3 218 263 217
4935 7 6 6 3 9 264 218
4936 7 6 6 3 265 270 9
4937 7 6 6 3 266 271 265
4938 7 6 6 3 267 272 266
4939 7 6 6 3 268 273 267
4940 7 6 6 3 269 274 268
4941 7 6 6 3 10 275 269
4942 7 6 6 3 276 281 10
4943 7 6 6 3 277 282 276
4944 7 6 6 3 278 283 277
4945 7 6 6 3 279 284 278
4946 7 6 6 3 280 285 279
4947 7 6 6 3 11 286 280
4948 7 6 6 3 287 376 11
4949 7 6 6 3 288 377 287
4950 7 6 6 3 289 378 288
4951 7 6 6 3 290 379 289
4952 7 6 6 3 291 380 290
4953 7 6 6 3 292 381 291
4954 7 6 6 3 293 382 292
4955 7 6 6 3 294 383 293
4956 7 6 6 3 295 384 294
4957 7 6 6 3 296 385 295
4958 7 6 6 3 297 386 296
4959 7 6 6 3 298 387 297
4960 7 6 6 3 299 388 298
4961 7 6 6 3 300 389 299
4962 7 6 6 3 301 390 300
4963 7 6 6 3 302 391 301
4964 7 6 6 3 303 392 302
4965 7 6 6 3 304 393 303
4966 7 6 6 3 305 394 304
4967 7 6 6 3 306 395 305
4968 7 6 6 3 307 396 306
4969 7 6 6 3 308 397 307
4970 7 6 6 3 309 398 308
4971 7 6 6 3 310 399 309
4972 7 6 6 3 311 400 310
4973 7 6 6 3 312 401 311
4974 7 6 6 3 313 402 312
4975 7 6 6 3 314 403 313
4976 7 6 6 3 315 404 314
4977 7 6 6 3 316 405 315
4978 7 6 6 3 317 406 316
4979 7 6 6 3 318 407 317
4980 7 6 6 3 319 408 318
4981 7 6 6 3 320 409 319
4982 7 6 6 3 321 410 320
4983 7 6 6 3 322 411 321
4984 7 6 6 3 323 412 322
4985 7 6 6 3 324 413 323
4986 7 6 6 3 325 414 324
4987 7 6 6 3 326 415 325
4988 7 6 6 3 327 416 326
4989 7 6 6 3 328 417 327
4990 7 6 6 3 329 418 328
4991 7 6 6 3 330 419 329
4992 7 6 6 3 331 420 330
4993 7 6 6 3 332 421 331
4994 7 6 6 3 333 422 332
4995 7 6 6 3 334 423 333
4996 7 6 6 3 335 424 334
4997 7 6 6 3 336 425 335
4998 7 6 6 3 337 426 336
4999 7 6 6 3 338 427 337
5000 7 6 6 3 339 428 338
5001 7 6 6 3 340 429 339
5002 7 6 6 3 341 430 340
5003 7 6 6 3 342 431 341
5004 7 6 6 3 343 432 342
5005 7 6 6 3 344 433 343
5006 7 6 6 3 345 434 344
5007 7 6 6 3 346 435 345
5008 7 6 6 3 347 436 346
5009 7 6 6 3 348 437 347
5010 7 6 6 3 349 438 348
5011 7 6 6 3 350 439 349
5012 7 6 6 3 351 440 350
5013 7 6 6 3 352 441 351
5014 7 6 6 3 353 442 352
5015 7 6 6 3 354 443 353
5016 7 6 6 3 355 444 354
5017 7 6 6 3 356 445 355
5018 7 6 6 3 357 446 356
5019 7 6 6 3 358 447 357
5020 7 6 6 3 359 448 358
5021 7 6 6 3 360 449 359
5022 7 6 6 3 361 450 360
5023 7 6 6 3 362 451 361
5024 7 6 6 3 363 452 362
5025 7 6 6 3 364 453 363
5026 7 6 6 3 365 454 364
5027 7 6 6 3 366 455 365
5028 7 6 6 3 367 456 366
5029 7 6 6 3 368 457 367
5030 7 6 6 3 369 458 368
5031 7 6 6 3 370 459 369
5032 7 6 6 3 371 460 370
5033 7 6 6 3 372 461 371
5034 7 6 6 3 373 462 372
5035 7 6 6 3 374 463 373
5036 7 6 6 3 375 464 374
5037 7 6 6 3 12 465 375
5038 7 6 6 3 466 471 12
5039 7 6 6 3 467 472 466
5040 7 6 6 3 468 473 467
5041 7 6 6 3 469 474 468
5042 7 6 6 3 470 475 469
5043 7 6 6 3 13 476 470
5044 7 6 6 3 477 482 13
5045 7 6 6 3 478 483 477
5046 7 6 6 3 479 484 478
5047 7 6 6 3 480 485 479
5048 7 6 6 3 481 486 480
5049 7 6 6 3 14 487 481
5050 7 6 6 3 488 533 14
5051 7 6 6 3 489 534 488
5052 7 6 6 3 490 535 489
5053 7 6 6 3 491 536 490
5054 7 6 6 3 492 537 491
5055 7 6 6 3 493 538 492
5056 7 6 6 3 494 539 493
5057 7 6 6 3 495 540 494
5058 7 6 6 3 496 541 495
5059 7 6 6 3 497 542 496
5060 7 6 6 3 498 543 497
5061 7 6 6 3 499 544 498
5062 7 6 6 3 500 545 499
5063 7 6 6 3 501 546 500
5064 7 6 6 3 502 547 501
5065 7 6 6 3 503 548 502
5066 7 6 6 3 504 549 503
5067 7 6 6 3 505 550 504
5068 7 6 6 3 506 551 505
5069 7 6 6 3 507 552 506
5070 7 6 6 3 508 553 507
5071 7 6 6 3 509 554 508
5072 7 6 6 3 510 555 509
5073 7 6 6 3 511 556 510
5074 7 6 6 3 512 557 511
5075 7 6 6 3 513 558 512
5076 7 6 6 3 514 559 513
5077 7 6 6 3 515 560 514
5078 7 6 6 3 516 561 515
5079 7 6 6 3 517 562 516
5080 7 6 6 3 518 563 517
5081 7 6 6 3 519 564 518
5082 7 6 6 3 520 565 519
5083 7 6 6 3 521 566 520
5084 7 6 6 3 522 567 521
5085 7 6 6 3 523 568 522
5086 7 6 6 3 524 569 523
5087 7 6 6 3 525 570 524
5088 7 6 6 3 526 571 525
5089 7 6 6 3 527 572 526
5090 7 6 6 3 528 573 527
5091 7 6 6 3 529 574 528
5092 7 6 6 3 530 575 529
5093 7 6 6 3 531 576 530
5094 7 6 6 3 532 577 531
5095 7 6 6 3 1 578 532
